1 0.3473557692307692 0.6742788461538461 0.055288461538461536 0.052884615384615384
1 0.41346153846153844 0.7103365384615384 0.0673076923076923 0.0625
1 0.37740384615384615 0.6274038461538461 0.04326923076923077 0.02403846153846154
1 0.4230769230769231 0.6442307692307693 0.04326923076923077 0.06009615384615385
1 0.37259615384615385 0.5877403846153846 0.03125 0.02403846153846154
1 0.4254807692307692 0.5769230769230769 0.028846153846153848 0.019230769230769232
1 0.36658653846153844 0.5408653846153846 0.03365384615384615 0.03365384615384615
1 0.4735576923076923 0.49759615384615385 0.0625 0.1201923076923077
1 0.41346153846153844 0.5144230769230769 0.04326923076923077 0.07692307692307693
1 0.4951923076923077 0.6838942307692307 0.09134615384615384 0.057692307692307696
1 0.5060096153846154 0.609375 0.10576923076923077 0.07692307692307693
1 0.6045673076923077 0.5973557692307693 0.038461538461538464 0.019230769230769232
1 0.5480769230769231 0.5108173076923077 0.0673076923076923 0.11057692307692307
1 0.5432692307692307 0.4326923076923077 0.052884615384615384 0.02403846153846154
1 0.6177884615384616 0.5360576923076923 0.0625 0.057692307692307696
1 0.6658653846153846 0.4735576923076923 0.15384615384615385 0.06009615384615385
1 0.6887019230769231 0.3713942307692308 0.05048076923076923 0.038461538461538464
1 0.7740384615384616 0.3737980769230769 0.03125 0.019230769230769232
1 0.7848557692307693 0.3329326923076923 0.036057692307692304 0.019230769230769232
1 0.6838942307692307 0.515625 0.038461538461538464 0.02403846153846154
1 0.8004807692307693 0.45913461538461536 0.04326923076923077 0.03365384615384615
1 0.6358173076923077 0.4266826923076923 0.02403846153846154 0.02403846153846154
1 0.6899038461538461 0.42788461538461536 0.038461538461538464 0.02403846153846154