1 0.6742788461538461 0.6526442307692307 0.052884615384615384 0.055288461538461536
1 0.7103365384615384 0.5865384615384616 0.0625 0.0673076923076923
1 0.6274038461538461 0.6225961538461539 0.02403846153846154 0.04326923076923077
1 0.6442307692307693 0.5769230769230769 0.06009615384615385 0.04326923076923077
1 0.5877403846153846 0.6274038461538461 0.02403846153846154 0.03125
1 0.5769230769230769 0.5745192307692307 0.019230769230769232 0.028846153846153848
1 0.5408653846153846 0.6334134615384616 0.03365384615384615 0.03365384615384615
1 0.49759615384615385 0.5264423076923077 0.1201923076923077 0.0625
1 0.5144230769230769 0.5865384615384616 0.07692307692307693 0.04326923076923077
1 0.6838942307692307 0.5048076923076923 0.057692307692307696 0.09134615384615384
1 0.609375 0.49399038461538464 0.07692307692307693 0.10576923076923077
1 0.5973557692307693 0.3954326923076923 0.019230769230769232 0.038461538461538464
1 0.5108173076923077 0.4519230769230769 0.11057692307692307 0.0673076923076923
1 0.4326923076923077 0.4567307692307692 0.02403846153846154 0.052884615384615384
1 0.5360576923076923 0.38221153846153844 0.057692307692307696 0.0625
1 0.4735576923076923 0.33413461538461536 0.06009615384615385 0.15384615384615385
1 0.3713942307692308 0.3112980769230769 0.038461538461538464 0.05048076923076923
1 0.3737980769230769 0.22596153846153846 0.019230769230769232 0.03125
1 0.3329326923076923 0.21514423076923078 0.019230769230769232 0.036057692307692304
1 0.515625 0.3161057692307692 0.02403846153846154 0.038461538461538464
1 0.45913461538461536 0.19951923076923078 0.03365384615384615 0.04326923076923077
1 0.4266826923076923 0.3641826923076923 0.02403846153846154 0.02403846153846154
1 0.42788461538461536 0.31009615384615385 0.02403846153846154 0.038461538461538464