1 0.6935096153846154 0.09735576923076923 0.038461538461538464 0.021634615384615384
1 0.3786057692307692 0.055288461538461536 0.04326923076923077 0.038461538461538464
1 0.3088942307692308 0.10336538461538461 0.03365384615384615 0.038461538461538464
1 0.40625 0.12860576923076922 0.09615384615384616 0.04807692307692308
1 0.49759615384615385 0.14182692307692307 0.04807692307692308 0.028846153846153848
1 0.4699519230769231 0.17548076923076922 0.04807692307692308 0.03125
1 0.2848557692307692 0.20552884615384615 0.04326923076923077 0.03365384615384615
1 0.6983173076923077 0.21514423076923078 0.03365384615384615 0.021634615384615384
1 0.6490384615384616 0.24639423076923078 0.03365384615384615 0.021634615384615384
1 0.7139423076923077 0.2824519230769231 0.04326923076923077 0.028846153846153848
1 0.5612980769230769 0.2548076923076923 0.03365384615384615 0.02403846153846154
1 0.5 0.22115384615384615 0.04807692307692308 0.019230769230769232
1 0.39783653846153844 0.20552884615384615 0.0889423076923077 0.04326923076923077
1 0.43028846153846156 0.25841346153846156 0.07932692307692307 0.057692307692307696
1 0.26322115384615385 0.2692307692307692 0.06490384615384616 0.06971153846153846
1 0.33052884615384615 0.2956730769230769 0.05048076923076923 0.0673076923076923
1 0.4963942307692308 0.3245192307692308 0.0625 0.04807692307692308
1 0.6430288461538461 0.3389423076923077 0.04326923076923077 0.028846153846153848
1 0.7644230769230769 0.3557692307692308 0.03365384615384615 0.02403846153846154
1 0.8100961538461539 0.3858173076923077 0.036057692307692304 0.019230769230769232
1 0.7163461538461539 0.3942307692307692 0.03365384615384615 0.02403846153846154
1 0.8449519230769231 0.4963942307692308 0.052884615384615384 0.052884615384615384
1 0.6454326923076923 0.421875 0.028846153846153848 0.026442307692307692
1 0.578125 0.4026442307692308 0.036057692307692304 0.02403846153846154
1 0.40865384615384615 0.36177884615384615 0.07211538461538461 0.07451923076923077
1 0.49158653846153844 0.3737980769230769 0.0673076923076923 0.03365384615384615
1 0.35096153846153844 0.3737980769230769 0.03365384615384615 0.028846153846153848
1 0.2668269230769231 0.5204326923076923 0.038461538461538464 0.026442307692307692
1 0.12860576923076922 0.6286057692307693 0.038461538461538464 0.052884615384615384
1 0.17668269230769232 0.6021634615384616 0.040865384615384616 0.02403846153846154
1 0.35697115384615385 0.4855769230769231 0.036057692307692304 0.02403846153846154
1 0.4254807692307692 0.5348557692307693 0.04567307692307692 0.03365384615384615
1 0.3329326923076923 0.5637019230769231 0.040865384615384616 0.04807692307692308
1 0.3233173076923077 0.6045673076923077 0.04807692307692308 0.019230769230769232
1 0.22355769230769232 0.6634615384615384 0.07451923076923077 0.057692307692307696
1 0.3233173076923077 0.6586538461538461 0.06009615384615385 0.028846153846153848
1 0.5324519230769231 0.4699519230769231 0.07692307692307693 0.038461538461538464
1 0.6370192307692307 0.5072115384615384 0.057692307692307696 0.03365384615384615
1 0.7211538461538461 0.5228365384615384 0.06009615384615385 0.0673076923076923
1 0.7776442307692307 0.5697115384615384 0.04326923076923077 0.04807692307692308
1 0.7475961538461539 0.8942307692307693 0.06971153846153846 0.057692307692307696
1 0.5204326923076923 0.5889423076923077 0.08413461538461539 0.07451923076923077
1 0.5949519230769231 0.6165865384615384 0.04807692307692308 0.052884615384615384
1 0.7055288461538461 0.59375 0.06009615384615385 0.04807692307692308
1 0.6778846153846154 0.640625 0.05048076923076923 0.028846153846153848
1 0.6418269230769231 0.6947115384615384 0.04567307692307692 0.03125
1 0.5793269230769231 0.7127403846153846 0.04326923076923077 0.02403846153846154
1 0.4074519230769231 0.6141826923076923 0.09615384615384616 0.03125
1 0.4206730769230769 0.65625 0.0673076923076923 0.04326923076923077
1 0.47716346153846156 0.6983173076923077 0.04807692307692308 0.021634615384615384
1 0.38341346153846156 0.7091346153846154 0.0673076923076923 0.03125
1 0.48197115384615385 0.7620192307692307 0.038461538461538464 0.021634615384615384
1 0.5288461538461539 0.7932692307692307 0.052884615384615384 0.02403846153846154
1 0.6947115384615384 0.8185096153846154 0.06009615384615385 0.038461538461538464
1 0.609375 0.8293269230769231 0.07692307692307693 0.04326923076923077
1 0.5600961538461539 0.8665865384615384 0.04326923076923077 0.02403846153846154
1 0.5877403846153846 0.9122596153846154 0.052884615384615384 0.03125
1 0.44591346153846156 0.8209134615384616 0.057692307692307696 0.02403846153846154
1 0.484375 0.8725961538461539 0.038461538461538464 0.019230769230769232
1 0.49759615384615385 0.9387019230769231 0.04326923076923077 0.026442307692307692
1 0.40865384615384615 0.9146634615384616 0.038461538461538464 0.02403846153846154
1 0.3088942307692308 0.9867788461538461 0.06490384615384616 0.021634615384615384
1 0.32211538461538464 0.8846153846153846 0.052884615384615384 0.03125
1 0.2512019230769231 0.7596153846153846 0.04326923076923077 0.02403846153846154
1 0.21754807692307693 0.7956730769230769 0.038461538461538464 0.019230769230769232
1 0.17067307692307693 0.8317307692307693 0.0625 0.04807692307692308
1 0.18870192307692307 0.8954326923076923 0.052884615384615384 0.038461538461538464
1 0.04326923076923077 0.9807692307692307 0.038461538461538464 0.028846153846153848