1 0.3004807692307692 0.9867788461538461 0.03365384615384615 0.02403846153846154
1 0.3605769230769231 0.9543269230769231 0.057692307692307696 0.057692307692307696
1 0.2932692307692308 0.9038461538461539 0.026442307692307692 0.02403846153846154
1 0.40384615384615385 0.8834134615384616 0.040865384615384616 0.028846153846153848
1 0.49278846153846156 0.9362980769230769 0.04326923076923077 0.028846153846153848
1 0.28846153846153844 0.78125 0.02403846153846154 0.02403846153846154
1 0.2824519230769231 0.6959134615384616 0.028846153846153848 0.026442307692307692
1 0.296875 0.5697115384615384 0.028846153846153848 0.038461538461538464
1 0.27524038461538464 0.4050480769230769 0.04807692307692308 0.03125
1 0.36538461538461536 0.4375 0.06009615384615385 0.038461538461538464
1 0.6754807692307693 0.9182692307692307 0.028846153846153848 0.03125
1 0.6213942307692307 0.8473557692307693 0.05048076923076923 0.03365384615384615
1 0.734375 0.8641826923076923 0.028846153846153848 0.028846153846153848
1 0.734375 0.8076923076923077 0.03365384615384615 0.03365384615384615
1 0.7247596153846154 0.7199519230769231 0.040865384615384616 0.07692307692307693
1 0.6358173076923077 0.7632211538461539 0.08173076923076923 0.04326923076923077
1 0.49038461538461536 0.6670673076923077 0.04326923076923077 0.036057692307692304
1 0.5024038461538461 0.5817307692307693 0.038461538461538464 0.03365384615384615
1 0.5793269230769231 0.6286057692307693 0.03365384615384615 0.038461538461538464
1 0.6310096153846154 0.6189903846153846 0.028846153846153848 0.038461538461538464
1 0.7427884615384616 0.5769230769230769 0.019230769230769232 0.03365384615384615
1 0.6790865384615384 0.5564903846153846 0.04807692307692308 0.04326923076923077
1 0.7067307692307693 0.6237980769230769 0.0625 0.052884615384615384
1 0.2932692307692308 0.3125 0.04326923076923077 0.028846153846153848
1 0.4026442307692308 0.296875 0.04807692307692308 0.03365384615384615
1 0.5913461538461539 0.35216346153846156 0.036057692307692304 0.03365384615384615
1 0.2800480769230769 0.19831730769230768 0.09134615384615384 0.057692307692307696
1 0.6274038461538461 0.3942307692307692 0.038461538461538464 0.02403846153846154
1 0.7211538461538461 0.42908653846153844 0.09615384615384616 0.08653846153846154
1 0.6778846153846154 0.35096153846153844 0.07451923076923077 0.04326923076923077
1 0.7271634615384616 0.2548076923076923 0.038461538461538464 0.03125
1 0.28846153846153844 0.07932692307692307 0.06009615384615385 0.04326923076923077
1 0.3088942307692308 0.14182692307692307 0.040865384615384616 0.028846153846153848
1 0.3858173076923077 0.109375 0.04326923076923077 0.0673076923076923
1 0.375 0.030048076923076924 0.036057692307692304 0.019230769230769232
1 0.46634615384615385 0.0889423076923077 0.05048076923076923 0.038461538461538464
1 0.5504807692307693 0.12980769230769232 0.04807692307692308 0.057692307692307696
1 0.6418269230769231 0.20673076923076922 0.036057692307692304 0.03365384615384615
1 0.7259615384615384 0.140625 0.07211538461538461 0.0673076923076923
1 0.6057692307692307 0.1502403846153846 0.040865384615384616 0.036057692307692304
1 0.5685096153846154 0.08173076923076923 0.07211538461538461 0.03125
1 0.6502403846153846 0.037259615384615384 0.07451923076923077 0.0673076923076923