0 0.5949519230769231 0.9579326923076923 0.0673076923076923 0.055288461538461536
0 0.6262019230769231 0.6850961538461539 0.1201923076923077 0.17307692307692307
0 0.7932692307692307 0.7103365384615384 0.052884615384615384 0.0625
0 0.8713942307692307 0.5805288461538461 0.052884615384615384 0.07211538461538461
0 0.7163461538461539 0.3798076923076923 0.10336538461538461 0.09615384615384616
0 0.3870192307692308 0.9831730769230769 0.052884615384615384 0.028846153846153848
0 0.2704326923076923 0.9831730769230769 0.06009615384615385 0.028846153846153848
0 0.18269230769230768 0.9711538461538461 0.04807692307692308 0.05048076923076923
0 0.29086538461538464 0.9134615384615384 0.14903846153846154 0.0673076923076923
0 0.3473557692307692 0.7079326923076923 0.13942307692307693 0.14423076923076922
0 0.4050480769230769 0.546875 0.07692307692307693 0.09615384615384616
0 0.28846153846153844 0.5733173076923077 0.0625 0.07211538461538461
0 0.17548076923076922 0.46875 0.052884615384615384 0.07211538461538461
0 0.26322115384615385 0.46153846153846156 0.07211538461538461 0.05048076923076923
0 0.3425480769230769 0.42427884615384615 0.0673076923076923 0.06971153846153846
0 0.2548076923076923 0.35336538461538464 0.10817307692307693 0.07211538461538461
0 0.1466346153846154 0.2932692307692308 0.057692307692307696 0.08653846153846154
0 0.2548076923076923 0.23918269230769232 0.08653846153846154 0.10817307692307693
0 0.8245192307692307 0.20673076923076922 0.0625 0.1658653846153846
0 0.7427884615384616 0.0889423076923077 0.07211538461538461 0.10096153846153846
0 0.18028846153846154 0.0829326923076923 0.08173076923076923 0.11057692307692307
0 0.6959134615384616 0.21394230769230768 0.08173076923076923 0.07211538461538461