0 0.8665865384615384 0.11778846153846154 0.057692307692307696 0.052884615384615384
0 0.8966346153846154 0.18509615384615385 0.052884615384615384 0.040865384615384616
0 0.7439903846153846 0.16466346153846154 0.07211538461538461 0.040865384615384616
0 0.8209134615384616 0.21995192307692307 0.04567307692307692 0.04567307692307692
0 0.7139423076923077 0.39302884615384615 0.07692307692307693 0.04567307692307692
0 0.6334134615384616 0.2608173076923077 0.07211538461538461 0.052884615384615384
0 0.7271634615384616 0.29447115384615385 0.052884615384615384 0.052884615384615384
0 0.5649038461538461 0.36778846153846156 0.12980769230769232 0.10336538461538461
0 0.5060096153846154 0.234375 0.06490384615384616 0.11538461538461539
0 0.30528846153846156 0.21754807692307693 0.10336538461538461 0.09134615384615384
0 0.29927884615384615 0.34134615384615385 0.14423076923076922 0.11538461538461539
0 0.42908653846153844 0.32091346153846156 0.06490384615384616 0.17307692307692307
0 0.7632211538461539 0.4483173076923077 0.04567307692307692 0.03365384615384615
0 0.8413461538461539 0.8293269230769231 0.09615384615384616 0.1201923076923077
0 0.828125 0.6875 0.04567307692307692 0.057692307692307696
0 0.7560096153846154 0.7139423076923077 0.03365384615384615 0.04567307692307692
0 0.6682692307692307 0.8185096153846154 0.15625 0.07451923076923077
0 0.6201923076923077 0.6730769230769231 0.17548076923076922 0.0625
0 0.6334134615384616 0.7391826923076923 0.08413461538461539 0.04567307692307692
0 0.5168269230769231 0.7451923076923077 0.07211538461538461 0.04807692307692308
0 0.5360576923076923 0.8389423076923077 0.04567307692307692 0.08173076923076923
0 0.4543269230769231 0.8185096153846154 0.07692307692307693 0.057692307692307696
0 0.3245192307692308 0.8004807692307693 0.10336538461538461 0.07692307692307693
0 0.23076923076923078 0.7139423076923077 0.08413461538461539 0.10336538461538461
0 0.39302884615384615 0.6995192307692307 0.16346153846153846 0.10576923076923077