0 0.18509615384615385 0.43028846153846156 0.12740384615384615 0.125
0 0.7103365384615384 0.5516826923076923 0.057692307692307696 0.07211538461538461
0 0.5444711538461539 0.6322115384615384 0.08173076923076923 0.09615384615384616
0 0.46875 0.4951923076923077 0.09615384615384616 0.10817307692307693
0 0.6274038461538461 0.5649038461538461 0.057692307692307696 0.10096153846153846
0 0.09254807692307693 0.18629807692307693 0.04326923076923077 0.052884615384615384
0 0.24879807692307693 0.17548076923076922 0.05048076923076923 0.04807692307692308
0 0.8569711538461539 0.3641826923076923 0.08173076923076923 0.08653846153846154
0 0.12740384615384615 0.11899038461538461 0.05048076923076923 0.04807692307692308
0 0.35336538461538464 0.34615384615384615 0.06971153846153846 0.04326923076923077
0 0.31490384615384615 0.4110576923076923 0.06971153846153846 0.052884615384615384
0 0.7103365384615384 0.4483173076923077 0.06971153846153846 0.06490384615384616