0 0.28365384615384615 0.3629807692307692 0.04567307692307692 0.038461538461538464
0 0.2644230769230769 0.4230769230769231 0.04326923076923077 0.03365384615384615
0 0.25961538461538464 0.5072115384615384 0.0625 0.052884615384615384
0 0.36538461538461536 0.7223557692307693 0.0625 0.038461538461538464
0 0.2776442307692308 0.7127403846153846 0.055288461538461536 0.04326923076923077
0 0.27524038461538464 0.7680288461538461 0.08173076923076923 0.036057692307692304
0 0.4723557692307692 0.3858173076923077 0.06971153846153846 0.057692307692307696
0 0.5444711538461539 0.42908653846153844 0.04326923076923077 0.0625
0 0.5961538461538461 0.3401442307692308 0.07211538461538461 0.04326923076923077
0 0.7355769230769231 0.18870192307692307 0.08173076923076923 0.057692307692307696
0 0.6971153846153846 0.265625 0.06971153846153846 0.03365384615384615
0 0.7596153846153846 0.3545673076923077 0.1201923076923077 0.1346153846153846
0 0.7920673076923077 0.49278846153846156 0.09134615384615384 0.07692307692307693
0 0.7283653846153846 0.5901442307692307 0.07211538461538461 0.04807692307692308
0 0.7680288461538461 0.6442307692307693 0.125 0.04326923076923077
0 0.8197115384615384 0.5817307692307693 0.04326923076923077 0.036057692307692304
0 0.5685096153846154 0.17307692307692307 0.1658653846153846 0.0625
0 0.35096153846153844 0.2956730769230769 0.06971153846153846 0.08653846153846154