0 0.6586538461538461 0.6778846153846154 0.07932692307692307 0.1778846153846154
0 0.5552884615384616 0.6634615384615384 0.08413461538461539 0.10576923076923077
0 0.4387019230769231 0.5456730769230769 0.09615384615384616 0.1875
0 0.5360576923076923 0.31971153846153844 0.14423076923076922 0.12259615384615384
0 0.5661057692307693 0.5264423076923077 0.09615384615384616 0.1346153846153846
0 0.5661057692307693 0.78125 0.07451923076923077 0.10096153846153846
0 0.43028846153846156 0.7992788461538461 0.0673076923076923 0.07211538461538461
0 0.41225961538461536 0.6887019230769231 0.10576923076923077 0.09134615384615384
0 0.30528846153846156 0.6598557692307693 0.0625 0.10576923076923077
0 0.32572115384615385 0.8076923076923077 0.08413461538461539 0.12980769230769232
0 0.5889423076923077 0.8834134615384616 0.11538461538461539 0.052884615384615384
0 0.39903846153846156 0.8978365384615384 0.0625 0.02403846153846154
0 0.3269230769230769 0.5384615384615384 0.10336538461538461 0.10096153846153846
0 0.6742788461538461 0.40625 0.038461538461538464 0.057692307692307696
0 0.43509615384615385 0.3954326923076923 0.038461538461538464 0.06971153846153846
0 0.49158653846153844 0.7319711538461539 0.038461538461538464 0.09375