1 0.3786057692307692 0.8305288461538461 0.04807692307692308 0.03365384615384615
1 0.27163461538461536 0.78125 0.0673076923076923 0.03365384615384615
1 0.5817307692307693 0.921875 0.04807692307692308 0.038461538461538464
1 0.34975961538461536 0.5685096153846154 0.0625 0.03365384615384615
1 0.453125 0.34134615384615385 0.038461538461538464 0.036057692307692304
1 0.27163461538461536 0.17307692307692307 0.057692307692307696 0.057692307692307696
1 0.6346153846153846 0.48677884615384615 0.057692307692307696 0.038461538461538464
1 0.7788461538461539 0.24879807692307693 0.03365384615384615 0.052884615384615384
1 0.7391826923076923 0.35096153846153844 0.052884615384615384 0.036057692307692304
1 0.71875 0.4230769230769231 0.04807692307692308 0.036057692307692304
1 0.71875 0.49158653846153844 0.038461538461538464 0.028846153846153848
1 0.7836538461538461 0.5084134615384616 0.04326923076923077 0.04326923076923077
1 0.0733173076923077 0.7596153846153846 0.04807692307692308 0.036057692307692304