1 0.6213942307692307 0.16947115384615385 0.04807692307692308 0.03365384615384615
1 0.7283653846153846 0.21875 0.0673076923076923 0.03365384615384615
1 0.4182692307692308 0.078125 0.04807692307692308 0.038461538461538464
1 0.6502403846153846 0.43149038461538464 0.0625 0.03365384615384615
1 0.546875 0.6586538461538461 0.038461538461538464 0.036057692307692304
1 0.7283653846153846 0.8269230769230769 0.057692307692307696 0.057692307692307696
1 0.36538461538461536 0.5132211538461539 0.057692307692307696 0.038461538461538464
1 0.22115384615384615 0.7512019230769231 0.03365384615384615 0.052884615384615384
1 0.2608173076923077 0.6490384615384616 0.052884615384615384 0.036057692307692304
1 0.28125 0.5769230769230769 0.04807692307692308 0.036057692307692304
1 0.28125 0.5084134615384616 0.038461538461538464 0.028846153846153848
1 0.21634615384615385 0.49158653846153844 0.04326923076923077 0.04326923076923077
1 0.9266826923076923 0.2403846153846154 0.04807692307692308 0.036057692307692304