0 0.9651442307692307 0.6057692307692307 0.0625 0.036057692307692304
0 0.8810096153846154 0.44591346153846156 0.04326923076923077 0.10817307692307693
0 0.8834134615384616 0.6370192307692307 0.038461538461538464 0.038461538461538464
0 0.8245192307692307 0.6213942307692307 0.0673076923076923 0.09134615384615384
0 0.7632211538461539 0.5600961538461539 0.026442307692307692 0.0673076923076923
0 0.7271634615384616 0.578125 0.016826923076923076 0.06490384615384616
0 0.6826923076923077 0.5492788461538461 0.026442307692307692 0.06490384615384616
0 0.6370192307692307 0.03245192307692308 0.057692307692307696 0.038461538461538464
0 0.6394230769230769 0.15144230769230768 0.07692307692307693 0.10817307692307693
0 0.5504807692307693 0.17427884615384615 0.04326923076923077 0.0625
0 0.5649038461538461 0.27884615384615385 0.04326923076923077 0.08173076923076923
0 0.5048076923076923 0.2956730769230769 0.038461538461538464 0.0625
0 0.7512019230769231 0.13221153846153846 0.0625 0.0625
0 0.5060096153846154 0.47596153846153844 0.021634615384615384 0.055288461538461536
0 0.453125 0.47115384615384615 0.04807692307692308 0.08653846153846154
0 0.4543269230769231 0.3605769230769231 0.07211538461538461 0.04807692307692308
0 0.3954326923076923 0.5685096153846154 0.038461538461538464 0.14423076923076922
0 0.38100961538461536 0.3425480769230769 0.0673076923076923 0.2403846153846154
0 0.453125 0.13221153846153846 0.0673076923076923 0.1875
0 0.27403846153846156 0.6274038461538461 0.03365384615384615 0.06490384615384616
0 0.15264423076923078 0.5757211538461539 0.0625 0.09134615384615384
0 0.1814903846153846 0.6850961538461539 0.03365384615384615 0.04807692307692308
0 0.30649038461538464 0.7283653846153846 0.028846153846153848 0.052884615384615384
0 0.25240384615384615 0.7127403846153846 0.038461538461538464 0.03365384615384615
0 0.20072115384615385 0.7860576923076923 0.0625 0.0889423076923077
0 0.23317307692307693 0.8786057692307693 0.0673076923076923 0.06490384615384616
0 0.056490384615384616 0.7415865384615384 0.04807692307692308 0.07692307692307693
0 0.6033653846153846 0.7091346153846154 0.07211538461538461 0.06490384615384616
0 0.31850961538461536 0.5552884615384616 0.03365384615384615 0.1778846153846154
0 0.6766826923076923 0.6862980769230769 0.04807692307692308 0.057692307692307696