0 0.039663461538461536 0.4723557692307692 0.0673076923076923 0.12740384615384615
0 0.3088942307692308 0.6057692307692307 0.0625 0.08653846153846154
0 0.34615384615384615 0.6850961538461539 0.038461538461538464 0.04326923076923077
0 0.4675480769230769 0.5348557692307693 0.04807692307692308 0.0625
0 0.5396634615384616 0.4230769230769231 0.04807692307692308 0.0625
0 0.625 0.47716346153846156 0.052884615384615384 0.06490384615384616
0 0.6814903846153846 0.6358173076923077 0.07692307692307693 0.07692307692307693
0 0.5084134615384616 0.6466346153846154 0.0673076923076923 0.11057692307692307
0 0.5216346153846154 0.8461538461538461 0.07692307692307693 0.08653846153846154
0 0.6790865384615384 0.7439903846153846 0.04807692307692308 0.08173076923076923
0 0.7103365384615384 0.8665865384615384 0.057692307692307696 0.07211538461538461
0 0.8257211538461539 0.8858173076923077 0.08173076923076923 0.09134615384615384
0 0.8112980769230769 0.26322115384615385 0.0673076923076923 0.0625
0 0.05889423076923077 0.6105769230769231 0.0673076923076923 0.07692307692307693
0 0.04326923076923077 0.7596153846153846 0.08653846153846154 0.14182692307692307
0 0.13701923076923078 0.7367788461538461 0.07211538461538461 0.1466346153846154
0 0.9038461538461539 0.7620192307692307 0.052884615384615384 0.08653846153846154
0 0.6971153846153846 0.9603365384615384 0.08173076923076923 0.03365384615384615