0 0.7944711538461539 0.7319711538461539 0.04807692307692308 0.04326923076923077
0 0.5961538461538461 0.9038461538461539 0.057692307692307696 0.052884615384615384
0 0.4699519230769231 0.9170673076923077 0.07451923076923077 0.08173076923076923
0 0.39663461538461536 0.9230769230769231 0.038461538461538464 0.04567307692307692
0 0.3389423076923077 0.4567307692307692 0.055288461538461536 0.052884615384615384
0 0.27403846153846156 0.3918269230769231 0.07451923076923077 0.0625
0 0.203125 0.3798076923076923 0.057692307692307696 0.125
0 0.3425480769230769 0.2920673076923077 0.08653846153846154 0.057692307692307696
0 0.5132211538461539 0.12379807692307693 0.04807692307692308 0.052884615384615384
0 0.6225961538461539 0.29447115384615385 0.0889423076923077 0.09615384615384616
0 0.7235576923076923 0.2644230769230769 0.10096153846153846 0.10336538461538461
0 0.8209134615384616 0.30288461538461536 0.055288461538461536 0.0673076923076923
0 0.8461538461538461 0.3762019230769231 0.055288461538461536 0.052884615384615384
0 0.8870192307692307 0.3329326923076923 0.07211538461538461 0.019230769230769232
0 0.6538461538461539 0.15384615384615385 0.040865384615384616 0.052884615384615384
0 0.27403846153846156 0.09975961538461539 0.07451923076923077 0.038461538461538464
0 0.296875 0.16826923076923078 0.04326923076923077 0.038461538461538464
0 0.20192307692307693 0.07211538461538461 0.040865384615384616 0.09615384615384616
0 0.13942307692307693 0.09134615384615384 0.040865384615384616 0.0625
0 0.055288461538461536 0.07451923076923077 0.08173076923076923 0.125
0 0.5132211538461539 0.008413461538461538 0.04807692307692308 0.016826923076923076
0 0.6754807692307693 0.11057692307692307 0.040865384615384616 0.03365384615384615
0 0.7235576923076923 0.13822115384615385 0.03365384615384615 0.05048076923076923
0 0.8353365384615384 0.06610576923076923 0.03365384615384615 0.06009615384615385
0 0.9699519230769231 0.23677884615384615 0.04326923076923077 0.038461538461538464
0 0.9074519230769231 0.28725961538461536 0.04326923076923077 0.03365384615384615