1 0.796875 0.6418269230769231 0.03365384615384615 0.028846153846153848
1 0.6298076923076923 0.21754807692307693 0.08173076923076923 0.07692307692307693
1 0.8449519230769231 0.34615384615384615 0.04326923076923077 0.028846153846153848
1 0.7944711538461539 0.2512019230769231 0.12740384615384615 0.07451923076923077
1 0.8149038461538461 0.4675480769230769 0.038461538461538464 0.028846153846153848
1 0.796875 0.5625 0.04326923076923077 0.03365384615384615
1 0.6442307692307693 0.6634615384615384 0.038461538461538464 0.03365384615384615
1 0.5649038461538461 0.6887019230769231 0.04807692307692308 0.04567307692307692
1 0.6730769230769231 0.6105769230769231 0.05048076923076923 0.038461538461538464
1 0.6935096153846154 0.5384615384615384 0.08173076923076923 0.052884615384615384
1 0.765625 0.41346153846153844 0.038461538461538464 0.028846153846153848
1 0.6947115384615384 0.4182692307692308 0.04567307692307692 0.057692307692307696
1 0.5685096153846154 0.5997596153846154 0.0625 0.07692307692307693
1 0.59375 0.5324519230769231 0.07211538461538461 0.036057692307692304
1 0.5925480769230769 0.4483173076923077 0.11778846153846154 0.10096153846153846
1 0.5685096153846154 0.36778846153846156 0.052884615384615384 0.038461538461538464