1 0.18870192307692307 0.0733173076923077 0.028846153846153848 0.03365384615384615
1 0.7716346153846154 0.8137019230769231 0.03125 0.016826923076923076
1 0.640625 0.8004807692307693 0.03365384615384615 0.028846153846153848
1 0.75 0.5889423076923077 0.03365384615384615 0.028846153846153848
1 0.5817307692307693 0.6322115384615384 0.06009615384615385 0.040865384615384616
1 0.6526442307692307 0.6995192307692307 0.03365384615384615 0.03365384615384615
1 0.4483173076923077 0.5769230769230769 0.04567307692307692 0.028846153846153848
1 0.5168269230769231 0.7199519230769231 0.11298076923076923 0.1201923076923077
1 0.15384615384615385 0.5528846153846154 0.028846153846153848 0.02403846153846154
1 0.2247596153846154 0.5745192307692307 0.04567307692307692 0.028846153846153848
1 0.2800480769230769 0.5096153846153846 0.038461538461538464 0.03365384615384615
1 0.3942307692307692 0.38221153846153844 0.04326923076923077 0.038461538461538464
1 0.18389423076923078 0.18509615384615385 0.038461538461538464 0.038461538461538464
1 0.2620192307692308 0.25961538461538464 0.052884615384615384 0.036057692307692304
1 0.36538461538461536 0.14783653846153846 0.04807692307692308 0.026442307692307692
1 0.4963942307692308 0.21514423076923078 0.057692307692307696 0.04567307692307692
1 0.46634615384615385 0.07572115384615384 0.03365384615384615 0.02403846153846154
1 0.5192307692307693 0.14903846153846154 0.038461538461538464 0.07692307692307693
1 0.546875 0.2536057692307692 0.028846153846153848 0.038461538461538464
1 0.48197115384615385 0.3629807692307692 0.03125 0.028846153846153848
1 0.5420673076923077 0.31490384615384615 0.038461538461538464 0.028846153846153848