1 0.7728365384615384 0.7151442307692307 0.03365384615384615 0.05048076923076923
1 0.7043269230769231 0.9350961538461539 0.07932692307692307 0.0673076923076923
1 0.5961538461538461 0.796875 0.040865384615384616 0.06490384615384616
1 0.5240384615384616 0.8894230769230769 0.036057692307692304 0.06490384615384616
1 0.5757211538461539 0.6153846153846154 0.038461538461538464 0.0625
1 0.5288461538461539 0.5012019230769231 0.04807692307692308 0.0625
1 0.44711538461538464 0.6790865384615384 0.04807692307692308 0.13942307692307693
1 0.12620192307692307 0.19471153846153846 0.028846153846153848 0.057692307692307696
1 0.08653846153846154 0.140625 0.055288461538461536 0.04807692307692308
1 0.013221153846153846 0.171875 0.02403846153846154 0.0673076923076923
1 0.3918269230769231 0.5757211538461539 0.038461538461538464 0.04567307692307692
1 0.6850961538461539 0.8689903846153846 0.03365384615384615 0.04567307692307692