0 0.3233173076923077 0.5324519230769231 0.038461538461538464 0.038461538461538464
0 0.38461538461538464 0.5240384615384616 0.038461538461538464 0.03365384615384615
0 0.42788461538461536 0.5889423076923077 0.06971153846153846 0.04326923076923077
0 0.28725961538461536 0.6153846153846154 0.052884615384615384 0.02403846153846154
0 0.546875 0.6442307692307693 0.07211538461538461 0.07692307692307693
0 0.4362980769230769 0.7463942307692307 0.038461538461538464 0.028846153846153848
0 0.5120192307692307 0.7199519230769231 0.0625 0.038461538461538464
0 0.38822115384615385 0.6766826923076923 0.06971153846153846 0.0625
0 0.29447115384615385 0.6574519230769231 0.05048076923076923 0.02403846153846154
0 0.2247596153846154 0.6598557692307693 0.038461538461538464 0.028846153846153848
0 0.21995192307692307 0.7463942307692307 0.08653846153846154 0.038461538461538464
0 0.2247596153846154 0.7007211538461539 0.05048076923076923 0.03365384615384615
0 0.28125 0.7115384615384616 0.028846153846153848 0.02403846153846154
0 0.17668269230769232 0.6225961538461539 0.038461538461538464 0.03365384615384615