0 0.6766826923076923 0.5324519230769231 0.038461538461538464 0.038461538461538464
0 0.6153846153846154 0.5240384615384616 0.038461538461538464 0.03365384615384615
0 0.5721153846153846 0.5889423076923077 0.06971153846153846 0.04326923076923077
0 0.7127403846153846 0.6153846153846154 0.052884615384615384 0.02403846153846154
0 0.453125 0.6442307692307693 0.07211538461538461 0.07692307692307693
0 0.5637019230769231 0.7463942307692307 0.038461538461538464 0.028846153846153848
0 0.4879807692307692 0.7199519230769231 0.0625 0.038461538461538464
0 0.6117788461538461 0.6766826923076923 0.06971153846153846 0.0625
0 0.7055288461538461 0.6574519230769231 0.05048076923076923 0.02403846153846154
0 0.7752403846153846 0.6598557692307693 0.038461538461538464 0.028846153846153848
0 0.7800480769230769 0.7463942307692307 0.08653846153846154 0.038461538461538464
0 0.7752403846153846 0.7007211538461539 0.05048076923076923 0.03365384615384615
0 0.71875 0.7115384615384616 0.028846153846153848 0.02403846153846154
0 0.8233173076923077 0.6225961538461539 0.038461538461538464 0.036057692307692304