0 0.5793269230769231 0.46033653846153844 0.0625 0.04326923076923077
0 0.5132211538461539 0.6923076923076923 0.052884615384615384 0.03125
0 0.5336538461538461 0.6442307692307693 0.0673076923076923 0.028846153846153848
0 0.27524038461538464 0.42908653846153844 0.052884615384615384 0.04807692307692308
0 0.45552884615384615 0.41225961538461536 0.13942307692307693 0.04807692307692308
0 0.36177884615384615 0.4723557692307692 0.052884615384615384 0.057692307692307696
0 0.3870192307692308 0.5276442307692307 0.14423076923076922 0.038461538461538464
0 0.3786057692307692 0.59375 0.1201923076923077 0.057692307692307696
0 0.21995192307692307 0.5420673076923077 0.1778846153846154 0.1201923076923077
0 0.06129807692307692 0.5216346153846154 0.11538461538461539 0.125
0 0.203125 0.6995192307692307 0.15384615384615385 0.14423076923076922
0 0.04807692307692308 0.6670673076923077 0.04326923076923077 0.04567307692307692
0 0.0889423076923077 0.7367788461538461 0.038461538461538464 0.0889423076923077
0 0.4170673076923077 0.6754807692307693 0.10336538461538461 0.09134615384615384
0 0.484375 0.5949519230769231 0.04807692307692308 0.055288461538461536
0 0.30288461538461536 0.9302884615384616 0.125 0.03365384615384615
0 0.5324519230769231 0.23317307692307693 0.09615384615384616 0.057692307692307696