0 0.5396634615384616 0.4206730769230769 0.04326923076923077 0.0625
0 0.3076923076923077 0.48677884615384615 0.03125 0.052884615384615384
0 0.3557692307692308 0.46634615384615385 0.028846153846153848 0.0673076923076923
0 0.5709134615384616 0.7247596153846154 0.04807692307692308 0.052884615384615384
0 0.5877403846153846 0.5444711538461539 0.04807692307692308 0.13942307692307693
0 0.5276442307692307 0.6382211538461539 0.057692307692307696 0.052884615384615384
0 0.4723557692307692 0.6129807692307693 0.038461538461538464 0.14423076923076922
0 0.40625 0.6213942307692307 0.057692307692307696 0.1201923076923077
0 0.4579326923076923 0.7800480769230769 0.1201923076923077 0.1778846153846154
0 0.47836538461538464 0.9387019230769231 0.125 0.11538461538461539
0 0.3004807692307692 0.796875 0.1466346153846154 0.15384615384615385
0 0.3329326923076923 0.9519230769230769 0.04567307692307692 0.04326923076923077
0 0.26322115384615385 0.9110576923076923 0.0889423076923077 0.038461538461538464
0 0.3245192307692308 0.5829326923076923 0.09134615384615384 0.10336538461538461
0 0.4050480769230769 0.515625 0.055288461538461536 0.04807692307692308
0 0.06971153846153846 0.6971153846153846 0.03365384615384615 0.125
0 0.7668269230769231 0.4675480769230769 0.057692307692307696 0.09615384615384616