0 0.02283653846153846 0.5625 0.038461538461538464 0.07451923076923077
0 0.07572115384615384 0.2932692307692308 0.0673076923076923 0.11298076923076923
0 0.24759615384615385 0.36538461538461536 0.11057692307692307 0.10576923076923077
0 0.1875 0.45913461538461536 0.09615384615384616 0.08173076923076923
0 0.4879807692307692 0.42788461538461536 0.04326923076923077 0.08173076923076923
0 0.6430288461538461 0.4411057692307692 0.05048076923076923 0.0673076923076923
0 0.2608173076923077 0.6598557692307693 0.04326923076923077 0.09375
0 0.30288461538461536 0.5252403846153846 0.125 0.13701923076923078
0 0.39663461538461536 0.5745192307692307 0.04567307692307692 0.08653846153846154
0 0.5120192307692307 0.5528846153846154 0.07692307692307693 0.09375
0 0.7980769230769231 0.5973557692307693 0.3942307692307692 0.16826923076923078
0 0.9603365384615384 0.7151442307692307 0.04567307692307692 0.04326923076923077
0 0.8485576923076923 0.7247596153846154 0.0673076923076923 0.0625