0 0.7524038461538461 0.18389423076923078 0.04807692307692308 0.07692307692307693
0 0.9699519230769231 0.43509615384615385 0.03365384615384615 0.052884615384615384
0 0.8966346153846154 0.5036057692307693 0.036057692307692304 0.052884615384615384
0 0.8329326923076923 0.6153846153846154 0.038461538461538464 0.06971153846153846
0 0.6514423076923077 0.11658653846153846 0.09615384615384616 0.1971153846153846
0 0.8185096153846154 0.42908653846153844 0.057692307692307696 0.1346153846153846
0 0.8004807692307693 0.28365384615384615 0.055288461538461536 0.057692307692307696
0 0.7415865384615384 0.6574519230769231 0.09375 0.18269230769230768
0 0.6310096153846154 0.6586538461538461 0.09615384615384616 0.0625
0 0.5264423076923077 0.08653846153846154 0.11538461538461539 0.16826923076923078
0 0.47475961538461536 0.25721153846153844 0.04326923076923077 0.10576923076923077
0 0.43509615384615385 0.09375 0.057692307692307696 0.18269230769230768
0 0.42427884615384615 0.2692307692307692 0.038461538461538464 0.14903846153846154
0 0.36778846153846156 0.25721153846153844 0.06490384615384616 0.27884615384615385
0 0.5649038461538461 0.27884615384615385 0.052884615384615384 0.18269230769230768
0 0.4579326923076923 0.5516826923076923 0.22355769230769232 0.30288461538461536
0 0.65625 0.265625 0.03365384615384615 0.052884615384615384
0 0.6225961538461539 0.5024038461538461 0.10096153846153846 0.24519230769230768
0 0.7235576923076923 0.42788461538461536 0.09134615384615384 0.2692307692307692
0 0.6478365384615384 0.34615384615384615 0.03365384615384615 0.04326923076923077
0 0.5204326923076923 0.31971153846153844 0.02403846153846154 0.052884615384615384