0 0.039663461538461536 0.5372596153846154 0.052884615384615384 0.07932692307692307
0 0.12379807692307693 0.59375 0.03365384615384615 0.04326923076923077
0 0.1875 0.5384615384615384 0.038461538461538464 0.06971153846153846
0 0.20552884615384615 0.4206730769230769 0.04326923076923077 0.057692307692307696
0 0.3425480769230769 0.6105769230769231 0.04326923076923077 0.06009615384615385
0 0.39903846153846156 0.6778846153846154 0.036057692307692304 0.0625
0 0.48677884615384615 0.6754807692307693 0.04326923076923077 0.057692307692307696
0 0.5048076923076923 0.49278846153846156 0.03365384615384615 0.03365384615384615
0 0.5396634615384616 0.5372596153846154 0.028846153846153848 0.07211538461538461
0 0.5492788461538461 0.6141826923076923 0.04326923076923077 0.057692307692307696
0 0.5721153846153846 0.49278846153846156 0.028846153846153848 0.06490384615384616
0 0.6201923076923077 0.46875 0.052884615384615384 0.08173076923076923
0 0.78125 0.4675480769230769 0.052884615384615384 0.06009615384615385
0 0.7403846153846154 0.5480769230769231 0.036057692307692304 0.05048076923076923
0 0.7932692307692307 0.6225961538461539 0.08173076923076923 0.057692307692307696
0 0.7992788461538461 0.7007211538461539 0.06971153846153846 0.055288461538461536