0 0.9603365384615384 0.46274038461538464 0.052884615384615384 0.07932692307692307
0 0.8762019230769231 0.40625 0.03365384615384615 0.04326923076923077
0 0.8125 0.46153846153846156 0.038461538461538464 0.06971153846153846
0 0.7944711538461539 0.5793269230769231 0.04326923076923077 0.057692307692307696
0 0.6574519230769231 0.3894230769230769 0.04326923076923077 0.06009615384615385
0 0.6009615384615384 0.32211538461538464 0.036057692307692304 0.0625
0 0.5132211538461539 0.3245192307692308 0.04326923076923077 0.057692307692307696
0 0.4951923076923077 0.5072115384615384 0.03365384615384615 0.03365384615384615
0 0.46033653846153844 0.46274038461538464 0.028846153846153848 0.07211538461538461
0 0.45072115384615385 0.3858173076923077 0.04326923076923077 0.057692307692307696
0 0.42788461538461536 0.5072115384615384 0.028846153846153848 0.06490384615384616
0 0.3798076923076923 0.53125 0.052884615384615384 0.08173076923076923
0 0.21875 0.5324519230769231 0.052884615384615384 0.06009615384615385
0 0.25961538461538464 0.4519230769230769 0.036057692307692304 0.05048076923076923
0 0.20673076923076922 0.37740384615384615 0.08173076923076923 0.057692307692307696
0 0.20072115384615385 0.29927884615384615 0.06971153846153846 0.055288461538461536