0 0.2704326923076923 0.018028846153846152 0.125 0.03365384615384615
0 0.17307692307692307 0.19951923076923078 0.07451923076923077 0.0985576923076923
0 0.6153846153846154 0.04807692307692308 0.07692307692307693 0.052884615384615384
0 0.4495192307692308 0.26322115384615385 0.06971153846153846 0.036057692307692304
0 0.7391826923076923 0.35336538461538464 0.0625 0.055288461538461536
0 0.109375 0.31971153846153844 0.06971153846153846 0.057692307692307696
0 0.23197115384615385 0.34615384615384615 0.1346153846153846 0.10336538461538461
0 0.5432692307692307 0.42908653846153844 0.09615384615384616 0.052884615384615384
0 0.3894230769230769 0.9350961538461539 0.12980769230769232 0.10336538461538461
0 0.7055288461538461 0.9759615384615384 0.10096153846153846 0.04567307692307692
0 0.36177884615384615 0.6274038461538461 0.07211538461538461 0.04807692307692308
0 0.09254807692307693 0.4182692307692308 0.07451923076923077 0.04807692307692308
0 0.5168269230769231 0.6454326923076923 0.15865384615384615 0.052884615384615384
0 0.47836538461538464 0.5432692307692307 0.10576923076923077 0.04567307692307692
0 0.359375 0.7836538461538461 0.07692307692307693 0.040865384615384616
0 0.484375 0.7175480769230769 0.07692307692307693 0.057692307692307696
0 0.5673076923076923 0.8557692307692307 0.06009615384615385 0.05048076923076923
0 0.7427884615384616 0.8461538461538461 0.06971153846153846 0.040865384615384616
0 0.7800480769230769 0.5480769230769231 0.20673076923076922 0.2091346153846154
0 0.7680288461538461 0.7728365384615384 0.08653846153846154 0.052884615384615384
0 0.8701923076923077 0.1310096153846154 0.04326923076923077 0.038461538461538464
0 0.3485576923076923 0.21394230769230768 0.04326923076923077 0.04807692307692308
0 0.09735576923076923 0.13341346153846154 0.05048076923076923 0.057692307692307696