0 0.5348557692307693 0.9314903846153846 0.08173076923076923 0.0625
0 0.8028846153846154 0.7415865384615384 0.04326923076923077 0.04326923076923077
0 0.9254807692307693 0.6334134615384616 0.052884615384615384 0.12740384615384615
0 0.8016826923076923 0.5252403846153846 0.04567307692307692 0.04567307692307692
0 0.7536057692307693 0.6057692307692307 0.0673076923076923 0.07932692307692307
0 0.7584134615384616 0.3161057692307692 0.052884615384615384 0.10096153846153846
0 0.13701923076923078 0.054086538461538464 0.06490384615384616 0.057692307692307696
0 0.11658653846153846 0.21995192307692307 0.057692307692307696 0.07211538461538461
0 0.09014423076923077 0.41947115384615385 0.03125 0.05048076923076923
0 0.125 0.5252403846153846 0.07451923076923077 0.07211538461538461
0 0.23197115384615385 0.5420673076923077 0.07211538461538461 0.055288461538461536
0 0.5588942307692307 0.31971153846153844 0.16826923076923078 0.10096153846153846
0 0.29927884615384615 0.7692307692307693 0.057692307692307696 0.0673076923076923
0 0.4831730769230769 0.7091346153846154 0.0673076923076923 0.07451923076923077
0 0.3942307692307692 0.5805288461538461 0.16826923076923078 0.10576923076923077
0 0.4266826923076923 0.47115384615384615 0.07451923076923077 0.052884615384615384
0 0.5817307692307693 0.5012019230769231 0.10576923076923077 0.125