0 0.5348557692307693 0.06850961538461539 0.08173076923076923 0.0625
0 0.8028846153846154 0.25841346153846156 0.04326923076923077 0.04326923076923077
0 0.9254807692307693 0.36658653846153844 0.052884615384615384 0.12740384615384615
0 0.8016826923076923 0.47475961538461536 0.04567307692307692 0.04326923076923077
0 0.7536057692307693 0.3942307692307692 0.0673076923076923 0.07692307692307693
0 0.7584134615384616 0.6838942307692307 0.052884615384615384 0.10096153846153846
0 0.13701923076923078 0.9459134615384616 0.06490384615384616 0.057692307692307696
0 0.11658653846153846 0.7800480769230769 0.057692307692307696 0.07211538461538461
0 0.09014423076923077 0.5805288461538461 0.03125 0.05048076923076923
0 0.125 0.47475961538461536 0.07451923076923077 0.07211538461538461
0 0.23197115384615385 0.4579326923076923 0.07211538461538461 0.055288461538461536
0 0.5588942307692307 0.6802884615384616 0.16826923076923078 0.10096153846153846
0 0.29927884615384615 0.23076923076923078 0.057692307692307696 0.0673076923076923
0 0.4831730769230769 0.29086538461538464 0.0673076923076923 0.07451923076923077
0 0.3942307692307692 0.41947115384615385 0.16826923076923078 0.10576923076923077
0 0.4266826923076923 0.5288461538461539 0.07451923076923077 0.052884615384615384
0 0.5817307692307693 0.4987980769230769 0.10576923076923077 0.125