0 0.8713942307692307 0.18990384615384615 0.0625 0.055288461538461536
0 0.9375 0.38341346153846156 0.0673076923076923 0.04326923076923077
0 0.8846153846153846 0.26322115384615385 0.07932692307692307 0.04807692307692308
0 0.7884615384615384 0.02403846153846154 0.09134615384615384 0.04326923076923077
0 0.6706730769230769 0.17548076923076922 0.07211538461538461 0.055288461538461536
0 0.5600961538461539 0.13221153846153846 0.08173076923076923 0.0625
0 0.33413461538461536 0.19110576923076922 0.057692307692307696 0.052884615384615384
0 0.6057692307692307 0.3088942307692308 0.1778846153846154 0.08653846153846154
0 0.8040865384615384 0.35216346153846156 0.055288461538461536 0.040865384615384616
0 0.7379807692307693 0.44471153846153844 0.09134615384615384 0.11538461538461539
0 0.6983173076923077 0.6598557692307693 0.12980769230769232 0.18269230769230768
0 0.43028846153846156 0.42788461538461536 0.11057692307692307 0.08653846153846154
0 0.23677884615384615 0.4495192307692308 0.057692307692307696 0.052884615384615384
0 0.5084134615384616 0.6778846153846154 0.055288461538461536 0.052884615384615384
0 0.4987980769230769 0.8185096153846154 0.07692307692307693 0.09134615384615384