0 0.18990384615384615 0.12860576923076922 0.055288461538461536 0.0625
0 0.38341346153846156 0.0625 0.04326923076923077 0.0673076923076923
0 0.26322115384615385 0.11538461538461539 0.04807692307692308 0.07932692307692307
0 0.02403846153846154 0.21153846153846154 0.04326923076923077 0.09134615384615384
0 0.17548076923076922 0.3293269230769231 0.055288461538461536 0.07211538461538461
0 0.13221153846153846 0.43990384615384615 0.0625 0.08173076923076923
0 0.19110576923076922 0.6658653846153846 0.052884615384615384 0.057692307692307696
0 0.3088942307692308 0.3942307692307692 0.08653846153846154 0.1778846153846154
0 0.35216346153846156 0.19591346153846154 0.040865384615384616 0.055288461538461536
0 0.44471153846153844 0.2620192307692308 0.11538461538461539 0.09134615384615384
0 0.6598557692307693 0.3016826923076923 0.18269230769230768 0.12980769230769232
0 0.42788461538461536 0.5697115384615384 0.08653846153846154 0.11057692307692307
0 0.4495192307692308 0.7632211538461539 0.052884615384615384 0.057692307692307696
0 0.6778846153846154 0.49158653846153844 0.052884615384615384 0.055288461538461536
0 0.8185096153846154 0.5012019230769231 0.09134615384615384 0.07692307692307693