0 0.14182692307692307 0.04807692307692308 0.036057692307692304 0.04807692307692308
0 0.1466346153846154 0.14543269230769232 0.038461538461538464 0.038461538461538464
0 0.11177884615384616 0.20552884615384615 0.04807692307692308 0.03365384615384615
0 0.14302884615384615 0.28125 0.02403846153846154 0.036057692307692304
0 0.18870192307692307 0.2824519230769231 0.03365384615384615 0.06009615384615385
0 0.18990384615384615 0.45913461538461536 0.04807692307692308 0.0625
0 0.20552884615384615 0.5925480769230769 0.04807692307692308 0.04567307692307692
0 0.21394230769230768 0.6670673076923077 0.052884615384615384 0.0673076923076923
0 0.09975961538461539 0.6454326923076923 0.09615384615384616 0.11778846153846154
0 0.16105769230769232 0.7620192307692307 0.06490384615384616 0.08653846153846154
0 0.04567307692307692 0.33052884615384615 0.03365384615384615 0.06971153846153846
0 0.3485576923076923 0.8088942307692307 0.0985576923076923 0.07932692307692307