0 0.3076923076923077 0.0733173076923077 0.12980769230769232 0.07211538461538461
0 0.4254807692307692 0.13942307692307693 0.10576923076923077 0.125
0 0.39903846153846156 0.26802884615384615 0.10096153846153846 0.11057692307692307
0 0.5060096153846154 0.25 0.052884615384615384 0.038461538461538464
0 0.2548076923076923 0.3112980769230769 0.18990384615384615 0.11057692307692307
0 0.36658653846153844 0.43509615384615385 0.09615384615384616 0.08173076923076923
0 0.6658653846153846 0.5168269230769231 0.06490384615384616 0.038461538461538464
0 0.20072115384615385 0.5877403846153846 0.07211538461538461 0.05048076923076923
0 0.3762019230769231 0.6298076923076923 0.10096153846153846 0.052884615384615384
0 0.5408653846153846 0.5745192307692307 0.10096153846153846 0.05048076923076923
0 0.6153846153846154 0.703125 0.14182692307692307 0.07211538461538461
0 0.6177884615384616 0.7728365384615384 0.10096153846153846 0.038461538461538464
0 0.6069711538461539 0.9098557692307693 0.15865384615384615 0.06009615384615385
0 0.39663461538461536 0.9555288461538461 0.07211538461538461 0.038461538461538464
0 0.24879807692307693 0.7680288461538461 0.09615384615384616 0.057692307692307696
0 0.33774038461538464 0.8581730769230769 0.11778846153846154 0.0625