0 0.1502403846153846 0.8341346153846154 0.08653846153846154 0.10336538461538461
0 0.9663461538461539 0.4543269230769231 0.052884615384615384 0.057692307692307696
0 0.9230769230769231 0.3641826923076923 0.08173076923076923 0.06490384615384616
0 0.8209134615384616 0.3545673076923077 0.07692307692307693 0.08173076923076923
0 0.4567307692307692 0.4795673076923077 0.0625 0.04326923076923077
0 0.40384615384615385 0.7668269230769231 0.07932692307692307 0.10576923076923077
0 0.45913461538461536 0.6490384615384616 0.10096153846153846 0.07692307692307693
0 0.41225961538461536 0.5721153846153846 0.057692307692307696 0.03365384615384615
0 0.3641826923076923 0.6754807692307693 0.0625 0.04567307692307692
0 0.23076923076923078 0.6814903846153846 0.07211538461538461 0.07211538461538461
0 0.44591346153846156 0.38341346153846156 0.07451923076923077 0.04807692307692308
0 0.22716346153846154 0.45072115384615385 0.0625 0.04807692307692308
0 0.36177884615384615 0.5060096153846154 0.052884615384615384 0.038461538461538464
0 0.025240384615384616 0.6694711538461539 0.03125 0.05048076923076923
0 0.14423076923076922 0.6298076923076923 0.06971153846153846 0.04326923076923077
0 0.1622596153846154 0.5540865384615384 0.052884615384615384 0.055288461538461536
0 0.4411057692307692 0.13822115384615385 0.052884615384615384 0.040865384615384616
0 0.3641826923076923 0.2824519230769231 0.057692307692307696 0.052884615384615384
0 0.4387019230769231 0.23557692307692307 0.04807692307692308 0.055288461538461536
0 0.640625 0.31490384615384615 0.057692307692307696 0.038461538461538464
0 0.5901442307692307 0.21033653846153846 0.09615384615384616 0.10576923076923077
0 0.5649038461538461 0.11538461538461539 0.052884615384615384 0.04326923076923077
0 0.6694711538461539 0.14783653846153846 0.040865384615384616 0.0625
0 0.7475961538461539 0.16466346153846154 0.04326923076923077 0.057692307692307696
0 0.6802884615384616 0.46033653846153844 0.0673076923076923 0.05048076923076923
0 0.17307692307692307 0.203125 0.06490384615384616 0.040865384615384616
0 0.5168269230769231 0.03365384615384615 0.052884615384615384 0.04807692307692308
0 0.2692307692307692 0.23677884615384615 0.08413461538461539 0.0673076923076923
0 0.35096153846153844 0.1466346153846154 0.057692307692307696 0.052884615384615384