0 0.7439903846153846 0.8485576923076923 0.09615384615384616 0.06009615384615385
0 0.6069711538461539 0.8317307692307693 0.07932692307692307 0.052884615384615384
0 0.4963942307692308 0.7367788461538461 0.1346153846153846 0.07932692307692307
0 0.41225961538461536 0.6526442307692307 0.1201923076923077 0.0625
0 0.6502403846153846 0.6033653846153846 0.06009615384615385 0.038461538461538464
0 0.4014423076923077 0.5552884615384616 0.1346153846153846 0.08653846153846154
0 0.5709134615384616 0.4699519230769231 0.13942307692307693 0.17307692307692307
0 0.3942307692307692 0.4326923076923077 0.125 0.0673076923076923
0 0.2920673076923077 0.02403846153846154 0.1346153846153846 0.04326923076923077
0 0.39302884615384615 0.3269230769230769 0.11538461538461539 0.0985576923076923
0 0.4651442307692308 0.23798076923076922 0.07692307692307693 0.07211538461538461
0 0.32572115384615385 0.16466346153846154 0.15865384615384615 0.18269230769230768