1 0.8245192307692307 0.7632211538461539 0.028846153846153848 0.038461538461538464
1 0.4951923076923077 0.7115384615384616 0.028846153846153848 0.028846153846153848
1 0.5144230769230769 0.6514423076923077 0.038461538461538464 0.038461538461538464
1 0.40865384615384615 0.47475961538461536 0.028846153846153848 0.016826923076923076
1 0.4579326923076923 0.5877403846153846 0.038461538461538464 0.05048076923076923
1 0.5204326923076923 0.5901442307692307 0.04807692307692308 0.06009615384615385
1 0.6201923076923077 0.5685096153846154 0.038461538461538464 0.028846153846153848
1 0.6598557692307693 0.5204326923076923 0.038461538461538464 0.038461538461538464
1 0.43509615384615385 0.4362980769230769 0.028846153846153848 0.03365384615384615
1 0.47115384615384615 0.27884615384615385 0.028846153846153848 0.016826923076923076
1 0.5432692307692307 0.36658653846153844 0.03365384615384615 0.026442307692307692
1 0.6286057692307693 0.4230769230769231 0.125 0.13942307692307693
1 0.5865384615384616 0.5216346153846154 0.038461538461538464 0.038461538461538464
1 0.6069711538461539 0.3329326923076923 0.052884615384615384 0.026442307692307692