1 0.7632211538461539 0.8245192307692307 0.038461538461538464 0.028846153846153848
1 0.7115384615384616 0.4951923076923077 0.028846153846153848 0.028846153846153848
1 0.6514423076923077 0.5144230769230769 0.038461538461538464 0.038461538461538464
1 0.47475961538461536 0.40865384615384615 0.016826923076923076 0.028846153846153848
1 0.5877403846153846 0.4579326923076923 0.05048076923076923 0.038461538461538464
1 0.5901442307692307 0.5204326923076923 0.06009615384615385 0.04807692307692308
1 0.5685096153846154 0.6201923076923077 0.028846153846153848 0.038461538461538464
1 0.5204326923076923 0.6598557692307693 0.038461538461538464 0.038461538461538464
1 0.4362980769230769 0.43509615384615385 0.03365384615384615 0.028846153846153848
1 0.27884615384615385 0.47115384615384615 0.016826923076923076 0.028846153846153848
1 0.36658653846153844 0.5432692307692307 0.026442307692307692 0.03365384615384615
1 0.4230769230769231 0.6286057692307693 0.13942307692307693 0.125
1 0.5216346153846154 0.5865384615384616 0.038461538461538464 0.038461538461538464
1 0.3329326923076923 0.6069711538461539 0.026442307692307692 0.052884615384615384