1 0.6237980769230769 0.42908653846153844 0.02403846153846154 0.038461538461538464
1 0.49278846153846156 0.3161057692307692 0.028846153846153848 0.038461538461538464
1 0.44591346153846156 0.34134615384615385 0.028846153846153848 0.038461538461538464
1 0.41947115384615385 0.28966346153846156 0.021634615384615384 0.038461538461538464
1 0.4963942307692308 0.4206730769230769 0.028846153846153848 0.052884615384615384
1 0.34975961538461536 0.7103365384615384 0.03365384615384615 0.038461538461538464
1 0.3233173076923077 0.7427884615384616 0.03365384615384615 0.02403846153846154
1 0.3545673076923077 0.4266826923076923 0.026442307692307692 0.052884615384615384
1 0.3245192307692308 0.44591346153846156 0.02403846153846154 0.038461538461538464
1 0.5528846153846154 0.5180288461538461 0.028846153846153848 0.06009615384615385
1 0.47596153846153844 0.4735576923076923 0.03365384615384615 0.04326923076923077
1 0.4170673076923077 0.4699519230769231 0.07211538461538461 0.08173076923076923
1 0.5216346153846154 0.5889423076923077 0.04807692307692308 0.0625
1 0.4543269230769231 0.5985576923076923 0.07211538461538461 0.15384615384615385
1 0.5204326923076923 0.6538461538461539 0.03365384615384615 0.038461538461538464
1 0.3858173076923077 0.6117788461538461 0.057692307692307696 0.09134615384615384