0 0.7151442307692307 0.03245192307692308 0.0625 0.03365384615384615
0 0.3485576923076923 0.016826923076923076 0.08653846153846154 0.03365384615384615
0 0.38221153846153844 0.25721153846153844 0.040865384615384616 0.03365384615384615
0 0.23076923076923078 0.3112980769230769 0.038461538461538464 0.016826923076923076
0 0.39663461538461536 0.34375 0.04326923076923077 0.028846153846153848
0 0.7307692307692307 0.1875 0.038461538461538464 0.02403846153846154
0 0.7379807692307693 0.23197115384615385 0.04326923076923077 0.02403846153846154
0 0.7596153846153846 0.3088942307692308 0.02403846153846154 0.026442307692307692
0 0.6826923076923077 0.2848557692307692 0.04326923076923077 0.04807692307692308
0 0.5985576923076923 0.30408653846153844 0.04807692307692308 0.02403846153846154
0 0.5108173076923077 0.28966346153846156 0.026442307692307692 0.026442307692307692
0 0.6442307692307693 0.36778846153846156 0.019230769230769232 0.019230769230769232
0 0.5973557692307693 0.43149038461538464 0.03365384615384615 0.016826923076923076
0 0.41346153846153844 0.38822115384615385 0.040865384615384616 0.021634615384615384
0 0.5444711538461539 0.4699519230769231 0.04326923076923077 0.02403846153846154
0 0.6574519230769231 0.4266826923076923 0.052884615384615384 0.038461538461538464
0 0.7043269230769231 0.4879807692307692 0.028846153846153848 0.04807692307692308
0 0.6442307692307693 0.5048076923076923 0.055288461538461536 0.06971153846153846
0 0.5540865384615384 0.5192307692307693 0.04807692307692308 0.028846153846153848
0 0.6165865384615384 0.5793269230769231 0.052884615384615384 0.038461538461538464
0 0.3942307692307692 0.5228365384615384 0.03365384615384615 0.019230769230769232
0 0.1935096153846154 0.4543269230769231 0.03365384615384615 0.02403846153846154
0 0.19951923076923078 0.4879807692307692 0.06971153846153846 0.016826923076923076
0 0.5360576923076923 0.5961538461538461 0.028846153846153848 0.021634615384615384
0 0.4026442307692308 0.6778846153846154 0.0673076923076923 0.0625
0 0.5012019230769231 0.9711538461538461 0.057692307692307696 0.019230769230769232
0 0.6454326923076923 0.9014423076923077 0.04326923076923077 0.02403846153846154
0 0.6826923076923077 0.8485576923076923 0.04567307692307692 0.03125
0 0.6105769230769231 0.7007211538461539 0.15865384615384615 0.08413461538461539
0 0.5072115384615384 0.8581730769230769 0.04326923076923077 0.08173076923076923
0 0.41586538461538464 0.8245192307692307 0.08653846153846154 0.07692307692307693
0 0.6850961538461539 0.7860576923076923 0.04326923076923077 0.028846153846153848