0 0.6598557692307693 0.8185096153846154 0.04567307692307692 0.03365384615384615
0 0.5384615384615384 0.8197115384615384 0.03365384615384615 0.03365384615384615
0 0.6394230769230769 0.7572115384615384 0.0625 0.04326923076923077
0 0.5685096153846154 0.7307692307692307 0.04326923076923077 0.03365384615384615
0 0.5192307692307693 0.6766826923076923 0.09134615384615384 0.038461538461538464
0 0.6237980769230769 0.6790865384615384 0.057692307692307696 0.03365384615384615
0 0.6814903846153846 0.5769230769230769 0.0625 0.036057692307692304
0 0.5132211538461539 0.5877403846153846 0.10576923076923077 0.07211538461538461
0 0.6574519230769231 0.53125 0.07211538461538461 0.03365384615384615
0 0.5192307692307693 0.5 0.08413461538461539 0.03365384615384615
0 0.4723557692307692 0.421875 0.04807692307692308 0.057692307692307696
0 0.7524038461538461 0.4230769230769231 0.10576923076923077 0.07211538461538461
0 0.7944711538461539 0.3317307692307692 0.09615384615384616 0.055288461538461536
0 0.7560096153846154 0.2536057692307692 0.09375 0.04807692307692308
0 0.5120192307692307 0.29086538461538464 0.10576923076923077 0.12259615384615384
0 0.6153846153846154 0.018028846153846152 0.08173076923076923 0.03365384615384615
0 0.21394230769230768 0.28846153846153844 0.10096153846153846 0.04807692307692308
0 0.09254807692307693 0.28725961538461536 0.026442307692307692 0.02403846153846154
0 0.037259615384615384 0.25961538461538464 0.038461538461538464 0.02403846153846154
0 0.06009615384615385 0.18028846153846154 0.03365384615384615 0.028846153846153848
0 0.14903846153846154 0.22956730769230768 0.04326923076923077 0.014423076923076924