0 0.6598557692307693 0.1814903846153846 0.04567307692307692 0.03365384615384615
0 0.5384615384615384 0.18028846153846154 0.03365384615384615 0.03365384615384615
0 0.6394230769230769 0.24278846153846154 0.0625 0.04326923076923077
0 0.5685096153846154 0.2692307692307692 0.04326923076923077 0.03365384615384615
0 0.5192307692307693 0.3233173076923077 0.09134615384615384 0.038461538461538464
0 0.6237980769230769 0.32091346153846156 0.057692307692307696 0.03365384615384615
0 0.6814903846153846 0.4230769230769231 0.0625 0.036057692307692304
0 0.5132211538461539 0.41225961538461536 0.10576923076923077 0.07211538461538461
0 0.6574519230769231 0.46875 0.07211538461538461 0.03365384615384615
0 0.5192307692307693 0.5 0.08413461538461539 0.03365384615384615
0 0.4723557692307692 0.578125 0.04807692307692308 0.057692307692307696
0 0.7524038461538461 0.5769230769230769 0.10576923076923077 0.07451923076923077
0 0.7944711538461539 0.6682692307692307 0.09615384615384616 0.055288461538461536
0 0.7560096153846154 0.7463942307692307 0.09375 0.04807692307692308
0 0.5120192307692307 0.7091346153846154 0.10576923076923077 0.12259615384615384
0 0.6153846153846154 0.9819711538461539 0.08173076923076923 0.03365384615384615
0 0.21394230769230768 0.7115384615384616 0.10096153846153846 0.04807692307692308
0 0.09254807692307693 0.7127403846153846 0.026442307692307692 0.02403846153846154
0 0.037259615384615384 0.7403846153846154 0.038461538461538464 0.02403846153846154
0 0.06009615384615385 0.8197115384615384 0.03365384615384615 0.028846153846153848
0 0.14903846153846154 0.7704326923076923 0.04326923076923077 0.014423076923076924