0 0.12860576923076922 0.6081730769230769 0.0625 0.07211538461538461
0 0.234375 0.5997596153846154 0.02403846153846154 0.07211538461538461
0 0.2776442307692308 0.6141826923076923 0.038461538461538464 0.04807692307692308
0 0.31850961538461536 0.6622596153846154 0.02403846153846154 0.04807692307692308
0 0.3112980769230769 0.15264423076923078 0.04807692307692308 0.04807692307692308
0 0.3401442307692308 0.21754807692307693 0.04326923076923077 0.052884615384615384
0 0.4411057692307692 0.5420673076923077 0.057692307692307696 0.04807692307692308
0 0.5721153846153846 0.5685096153846154 0.14182692307692307 0.10096153846153846
0 0.828125 0.27283653846153844 0.040865384615384616 0.052884615384615384
0 0.9423076923076923 0.48677884615384615 0.028846153846153848 0.04326923076923077
0 0.9939903846153846 0.6141826923076923 0.009615384615384616 0.04326923076923077
0 0.9867788461538461 0.8137019230769231 0.02403846153846154 0.057692307692307696
0 0.9471153846153846 0.7992788461538461 0.02403846153846154 0.038461538461538464
0 0.8882211538461539 0.7175480769230769 0.03125 0.038461538461538464
0 0.859375 0.6682692307692307 0.02403846153846154 0.028846153846153848
0 0.8137019230769231 0.6129807692307693 0.04567307692307692 0.04326923076923077
0 0.7848557692307693 0.5685096153846154 0.040865384615384616 0.04807692307692308
0 0.7295673076923077 0.6081730769230769 0.06009615384615385 0.0673076923076923
0 0.7716346153846154 0.6658653846153846 0.036057692307692304 0.038461538461538464