1 0.7620192307692307 0.35216346153846156 0.06009615384615385 0.10336538461538461
1 0.6923076923076923 0.28365384615384615 0.07211538461538461 0.13221153846153846
1 0.5841346153846154 0.20432692307692307 0.057692307692307696 0.06009615384615385
1 0.7103365384615384 0.4579326923076923 0.04326923076923077 0.07211538461538461
1 0.6454326923076923 0.3918269230769231 0.06009615384615385 0.04807692307692308
1 0.6262019230769231 0.5420673076923077 0.10817307692307693 0.15625
1 0.5625 0.3641826923076923 0.10096153846153846 0.17307692307692307
1 0.484375 0.4423076923076923 0.04807692307692308 0.0673076923076923
1 0.5264423076923077 0.23798076923076922 0.028846153846153848 0.04326923076923077
1 0.4375 0.31971153846153844 0.036057692307692304 0.10817307692307693
1 0.5084134615384616 0.5420673076923077 0.057692307692307696 0.08413461538461539
1 0.5276442307692307 0.6778846153846154 0.08653846153846154 0.0673076923076923
1 0.4675480769230769 0.7403846153846154 0.03365384615384615 0.04807692307692308
1 0.4675480769230769 0.8798076923076923 0.03365384615384615 0.04807692307692308
1 0.5180288461538461 0.8521634615384616 0.036057692307692304 0.0673076923076923
1 0.46033653846153844 0.6598557692307693 0.038461538461538464 0.052884615384615384
1 0.40625 0.7439903846153846 0.06009615384615385 0.052884615384615384
1 0.4375 0.5901442307692307 0.052884615384615384 0.06009615384615385
1 0.38341346153846156 0.6502403846153846 0.038461538461538464 0.07211538461538461
1 0.21754807692307693 0.765625 0.028846153846153848 0.06009615384615385
1 0.09975961538461539 0.6442307692307693 0.03365384615384615 0.04807692307692308
1 0.33774038461538464 0.6262019230769231 0.028846153846153848 0.04807692307692308
1 0.2403846153846154 0.6201923076923077 0.040865384615384616 0.09615384615384616
1 0.16826923076923078 0.5 0.02403846153846154 0.04807692307692308
1 0.33653846153846156 0.5540865384615384 0.14423076923076922 0.08413461538461539
1 0.36778846153846156 0.4543269230769231 0.0625 0.09134615384615384
1 0.3076923076923077 0.4483173076923077 0.03365384615384615 0.04326923076923077
1 0.25 0.4543269230769231 0.052884615384615384 0.09134615384615384
1 0.24759615384615385 0.3701923076923077 0.0889423076923077 0.0673076923076923
1 0.3605769230769231 0.328125 0.03365384615384615 0.04326923076923077