1 0.9711538461538461 0.7055288461538461 0.04567307692307692 0.0673076923076923
1 0.7668269230769231 0.9074519230769231 0.08653846153846154 0.0625
1 0.9711538461538461 0.8365384615384616 0.04567307692307692 0.04326923076923077
1 0.9074519230769231 0.7824519230769231 0.0673076923076923 0.028846153846153848
1 0.8822115384615384 0.5901442307692307 0.0625 0.04807692307692308
1 0.9483173076923077 0.5408653846153846 0.04567307692307692 0.028846153846153848
1 0.8161057692307693 0.7451923076923077 0.09134615384615384 0.0673076923076923
1 0.7007211538461539 0.7415865384615384 0.0673076923076923 0.04807692307692308
1 0.5721153846153846 0.9134615384615384 0.0625 0.040865384615384616
1 0.0889423076923077 0.1622596153846154 0.09615384615384616 0.055288461538461536
1 0.7848557692307693 0.5288461538461539 0.09615384615384616 0.03125
1 0.46033653846153844 0.25721153846153844 0.04567307692307692 0.02403846153846154
1 0.14423076923076922 0.3173076923076923 0.2764423076923077 0.24278846153846154
1 0.3762019230769231 0.13221153846153846 0.052884615384615384 0.03125
1 0.39903846153846156 0.9555288461538461 0.19230769230769232 0.08413461538461539
1 0.25600961538461536 0.8689903846153846 0.1201923076923077 0.03365384615384615
1 0.3076923076923077 0.8064903846153846 0.06490384615384616 0.04807692307692308
1 0.49759615384615385 0.8822115384615384 0.0625 0.040865384615384616
1 0.3798076923076923 0.7944711538461539 0.057692307692307696 0.057692307692307696
1 0.4362980769230769 0.7103365384615384 0.09134615384615384 0.07692307692307693
1 0.4567307692307692 0.765625 0.052884615384615384 0.03365384615384615
1 0.5372596153846154 0.765625 0.07451923076923077 0.03365384615384615
1 0.3245192307692308 0.7427884615384616 0.0625 0.03125
1 0.5949519230769231 0.7055288461538461 0.052884615384615384 0.038461538461538464
1 0.6550480769230769 0.6862980769230769 0.04567307692307692 0.03365384615384615
1 0.3161057692307692 0.34615384615384615 0.057692307692307696 0.0673076923076923
1 0.328125 0.26322115384615385 0.04567307692307692 0.04326923076923077
1 0.39903846153846156 0.24639423076923078 0.038461538461538464 0.038461538461538464
1 0.21514423076923078 0.7307692307692307 0.052884615384615384 0.03365384615384615
1 0.421875 0.3088942307692308 0.052884615384615384 0.03125
1 0.6382211538461539 0.6189903846153846 0.21875 0.08653846153846154
1 0.6778846153846154 0.5396634615384616 0.09134615384615384 0.057692307692307696
1 0.15745192307692307 0.6586538461538461 0.16826923076923078 0.09134615384615384
1 0.2956730769230769 0.6514423076923077 0.11057692307692307 0.0625
1 0.4567307692307692 0.4879807692307692 0.13221153846153846 0.07211538461538461
1 0.5288461538461539 0.31009615384615385 0.10336538461538461 0.055288461538461536
1 0.4254807692307692 0.36778846153846156 0.11538461538461539 0.04326923076923077
1 0.4338942307692308 0.41947115384615385 0.15384615384615385 0.052884615384615384
1 0.5492788461538461 0.40024038461538464 0.052884615384615384 0.04807692307692308
1 0.6442307692307693 0.38100961538461536 0.11538461538461539 0.09134615384615384
1 0.6153846153846154 0.46153846153846156 0.16105769230769232 0.0625
1 0.35096153846153844 0.4951923076923077 0.057692307692307696 0.038461538461538464
1 0.36177884615384615 0.6033653846153846 0.057692307692307696 0.028846153846153848
1 0.46033653846153844 0.5913461538461539 0.11538461538461539 0.09134615384615384
1 0.578125 0.53125 0.09615384615384616 0.07692307692307693
1 0.3016826923076923 0.5564903846153846 0.18990384615384615 0.052884615384615384
1 0.27283653846153844 0.484375 0.052884615384615384 0.038461538461538464