1 0.265625 0.7259615384615384 0.08173076923076923 0.038461538461538464
1 0.49158653846153844 0.027644230769230768 0.07692307692307693 0.03365384615384615
1 0.5625 0.14903846153846154 0.052884615384615384 0.028846153846153848
1 0.453125 0.1502403846153846 0.052884615384615384 0.02403846153846154
1 0.3629807692307692 0.0673076923076923 0.04807692307692308 0.04807692307692308
1 0.34134615384615385 0.13581730769230768 0.04807692307692308 0.03365384615384615
1 0.4266826923076923 0.24639423076923078 0.052884615384615384 0.028846153846153848
1 0.47836538461538464 0.21033653846153846 0.038461538461538464 0.028846153846153848
1 0.4567307692307692 0.30408653846153844 0.04807692307692308 0.028846153846153848
1 0.4723557692307692 0.34975961538461536 0.038461538461538464 0.03365384615384615
1 0.4675480769230769 0.4170673076923077 0.04807692307692308 0.028846153846153848
1 0.4338942307692308 0.49278846153846156 0.04807692307692308 0.021634615384615384
1 0.3713942307692308 0.4098557692307692 0.04326923076923077 0.028846153846153848
1 0.3173076923076923 0.5576923076923077 0.04326923076923077 0.036057692307692304
1 0.24639423076923078 0.5649038461538461 0.03365384615384615 0.021634615384615384
1 0.27884615384615385 0.6418269230769231 0.04326923076923077 0.036057692307692304
1 0.6310096153846154 0.8245192307692307 0.04807692307692308 0.038461538461538464
1 0.546875 0.6286057692307693 0.11057692307692307 0.0625
1 0.5540865384615384 0.2608173076923077 0.038461538461538464 0.057692307692307696
1 0.5877403846153846 0.4074519230769231 0.06009615384615385 0.03365384615384615
1 0.25961538461538464 0.6899038461538461 0.06009615384615385 0.02403846153846154
1 0.21875 0.6274038461538461 0.04326923076923077 0.06490384615384616
1 0.3173076923076923 0.33533653846153844 0.052884615384615384 0.03365384615384615
1 0.22956730769230768 0.3918269230769231 0.052884615384615384 0.057692307692307696
1 0.28725961538461536 0.47596153846153844 0.04807692307692308 0.03365384615384615
1 0.3713942307692308 0.6310096153846154 0.04326923076923077 0.06490384615384616
1 0.4338942307692308 0.5600961538461539 0.08173076923076923 0.0673076923076923