1 0.4266826923076923 0.2860576923076923 0.10096153846153846 0.11538461538461539
1 0.44711538461538464 0.4423076923076923 0.052884615384615384 0.057692307692307696
1 0.4567307692307692 0.6935096153846154 0.040865384615384616 0.052884615384615384
1 0.3894230769230769 0.7728365384615384 0.07211538461538461 0.0625
1 0.09375 0.6346153846153846 0.04567307692307692 0.08413461538461539
1 0.0673076923076923 0.5084134615384616 0.04567307692307692 0.04326923076923077
1 0.19951923076923078 0.34615384615384615 0.052884615384615384 0.038461538461538464
1 0.20673076923076922 0.4387019230769231 0.04567307692307692 0.052884615384615384
1 0.2536057692307692 0.2644230769230769 0.03365384615384615 0.03125
1 0.14423076923076922 0.34975961538461536 0.03365384615384615 0.04326923076923077
1 0.6298076923076923 0.47115384615384615 0.0625 0.052884615384615384
1 0.3425480769230769 0.5480769230769231 0.04567307692307692 0.09134615384615384
1 0.9206730769230769 0.6274038461538461 0.038461538461538464 0.0673076923076923
1 0.8870192307692307 0.7704326923076923 0.06009615384615385 0.13221153846153846
1 0.6069711538461539 0.3233173076923077 0.057692307692307696 0.11538461538461539
1 0.5492788461538461 0.21634615384615385 0.052884615384615384 0.0625
1 0.7091346153846154 0.33653846153846156 0.04807692307692308 0.18509615384615385
1 0.8557692307692307 0.47596153846153844 0.03365384615384615 0.052884615384615384
1 0.9507211538461539 0.46274038461538464 0.038461538461538464 0.0673076923076923
1 0.8004807692307693 0.4074519230769231 0.038461538461538464 0.052884615384615384