1 0.7139423076923077 0.4266826923076923 0.11538461538461539 0.10096153846153846
1 0.5576923076923077 0.44711538461538464 0.057692307692307696 0.052884615384615384
1 0.30649038461538464 0.4567307692307692 0.052884615384615384 0.040865384615384616
1 0.22716346153846154 0.3894230769230769 0.0625 0.07211538461538461
1 0.36538461538461536 0.09375 0.08413461538461539 0.04567307692307692
1 0.49158653846153844 0.0673076923076923 0.04326923076923077 0.04567307692307692
1 0.6538461538461539 0.19951923076923078 0.038461538461538464 0.052884615384615384
1 0.5612980769230769 0.20673076923076922 0.052884615384615384 0.04567307692307692
1 0.7355769230769231 0.2536057692307692 0.03125 0.03365384615384615
1 0.6502403846153846 0.14423076923076922 0.04326923076923077 0.03365384615384615
1 0.5288461538461539 0.6298076923076923 0.052884615384615384 0.0625
1 0.4519230769230769 0.3425480769230769 0.09134615384615384 0.04567307692307692
1 0.37259615384615385 0.9206730769230769 0.0673076923076923 0.038461538461538464
1 0.22956730769230768 0.8870192307692307 0.13221153846153846 0.06009615384615385
1 0.6766826923076923 0.6069711538461539 0.11538461538461539 0.057692307692307696
1 0.7836538461538461 0.5492788461538461 0.0625 0.052884615384615384
1 0.6634615384615384 0.7091346153846154 0.18509615384615385 0.04807692307692308
1 0.5240384615384616 0.8557692307692307 0.052884615384615384 0.03365384615384615
1 0.5372596153846154 0.9507211538461539 0.0673076923076923 0.038461538461538464
1 0.5925480769230769 0.8004807692307693 0.052884615384615384 0.038461538461538464