1 0.7463942307692307 0.6814903846153846 0.0673076923076923 0.04326923076923077
1 0.5348557692307693 0.8341346153846154 0.07932692307692307 0.05048076923076923
1 0.4182692307692308 0.8846153846153846 0.04567307692307692 0.03125
1 0.2980769230769231 0.9375 0.052884615384615384 0.02403846153846154
1 0.23798076923076922 0.8689903846153846 0.10817307692307693 0.09375
1 0.40865384615384615 0.7980769230769231 0.125 0.04807692307692308
1 0.13341346153846154 0.7644230769230769 0.057692307692307696 0.057692307692307696
1 0.0625 0.6129807692307693 0.05048076923076923 0.05048076923076923
1 0.20192307692307693 0.71875 0.052884615384615384 0.05048076923076923
1 0.3004807692307692 0.7115384615384616 0.05048076923076923 0.040865384615384616
1 0.46033653846153844 0.7307692307692307 0.08653846153846154 0.0673076923076923
1 0.28966346153846156 0.6394230769230769 0.04567307692307692 0.03365384615384615
1 0.3713942307692308 0.6358173076923077 0.05048076923076923 0.028846153846153848
1 0.5901442307692307 0.5072115384615384 0.0625 0.040865384615384616
1 0.2439903846153846 0.5612980769230769 0.08653846153846154 0.09134615384615384
1 0.15625 0.49399038461538464 0.08653846153846154 0.04326923076923077
1 0.09014423076923077 0.4579326923076923 0.038461538461538464 0.040865384615384616
1 0.24158653846153846 0.36778846153846156 0.10817307692307693 0.0673076923076923
1 0.13341346153846154 0.30649038461538464 0.08173076923076923 0.057692307692307696
1 0.39783653846153844 0.5012019230769231 0.04567307692307692 0.03365384615384615
1 0.39783653846153844 0.4483173076923077 0.0625 0.03365384615384615
1 0.5600961538461539 0.4579326923076923 0.052884615384615384 0.028846153846153848
1 0.5961538461538461 0.41346153846153844 0.10096153846153846 0.040865384615384616
1 0.5144230769230769 0.29086538461538464 0.052884615384615384 0.03125
1 0.5336538461538461 0.8942307692307693 0.05048076923076923 0.03125
1 0.6358173076923077 0.28725961538461536 0.04567307692307692 0.03125
1 0.6081730769230769 0.23798076923076922 0.07451923076923077 0.038461538461538464
1 0.6442307692307693 0.1814903846153846 0.10576923076923077 0.0625
1 0.5420673076923077 0.18870192307692307 0.05048076923076923 0.028846153846153848
1 0.5372596153846154 0.14903846153846154 0.07451923076923077 0.028846153846153848
1 0.41225961538461536 0.27163461538461536 0.05048076923076923 0.03125
1 0.41466346153846156 0.1658653846153846 0.1201923076923077 0.08173076923076923
1 0.2439903846153846 0.19951923076923078 0.20432692307692307 0.1201923076923077