1 0.7463942307692307 0.31850961538461536 0.0673076923076923 0.04326923076923077
1 0.5348557692307693 0.1658653846153846 0.07932692307692307 0.05048076923076923
1 0.4182692307692308 0.11538461538461539 0.04567307692307692 0.03125
1 0.2980769230769231 0.0625 0.052884615384615384 0.02403846153846154
1 0.23798076923076922 0.1310096153846154 0.10817307692307693 0.09375
1 0.40865384615384615 0.20192307692307693 0.125 0.04807692307692308
1 0.13341346153846154 0.23557692307692307 0.057692307692307696 0.057692307692307696
1 0.0625 0.3870192307692308 0.05048076923076923 0.05048076923076923
1 0.20192307692307693 0.28125 0.052884615384615384 0.05048076923076923
1 0.3004807692307692 0.28846153846153844 0.05048076923076923 0.040865384615384616
1 0.46033653846153844 0.2692307692307692 0.08653846153846154 0.0673076923076923
1 0.28966346153846156 0.3605769230769231 0.04567307692307692 0.03365384615384615
1 0.3713942307692308 0.3641826923076923 0.05048076923076923 0.028846153846153848
1 0.5901442307692307 0.49278846153846156 0.0625 0.040865384615384616
1 0.2439903846153846 0.4387019230769231 0.08653846153846154 0.09134615384615384
1 0.15625 0.5060096153846154 0.08653846153846154 0.04326923076923077
1 0.09014423076923077 0.5420673076923077 0.038461538461538464 0.040865384615384616
1 0.24158653846153846 0.6322115384615384 0.10817307692307693 0.0673076923076923
1 0.13341346153846154 0.6935096153846154 0.08413461538461539 0.057692307692307696
1 0.39783653846153844 0.4987980769230769 0.04567307692307692 0.03365384615384615
1 0.39783653846153844 0.5516826923076923 0.0625 0.03365384615384615
1 0.5600961538461539 0.5420673076923077 0.052884615384615384 0.028846153846153848
1 0.5961538461538461 0.5865384615384616 0.10096153846153846 0.040865384615384616
1 0.5144230769230769 0.7091346153846154 0.052884615384615384 0.03125
1 0.5336538461538461 0.10576923076923077 0.05048076923076923 0.03125
1 0.6358173076923077 0.7127403846153846 0.04567307692307692 0.03125
1 0.6081730769230769 0.7620192307692307 0.07451923076923077 0.038461538461538464
1 0.6442307692307693 0.8185096153846154 0.10336538461538461 0.0625
1 0.5420673076923077 0.8112980769230769 0.05048076923076923 0.028846153846153848
1 0.5372596153846154 0.8509615384615384 0.07451923076923077 0.028846153846153848
1 0.41225961538461536 0.7283653846153846 0.05048076923076923 0.03125
1 0.41466346153846156 0.8341346153846154 0.1201923076923077 0.08173076923076923
1 0.2439903846153846 0.8004807692307693 0.20432692307692307 0.1201923076923077