1 0.6814903846153846 0.2536057692307692 0.04326923076923077 0.0673076923076923
1 0.8341346153846154 0.4651442307692308 0.05048076923076923 0.07932692307692307
1 0.8846153846153846 0.5817307692307693 0.03125 0.04567307692307692
1 0.9375 0.7019230769230769 0.02403846153846154 0.055288461538461536
1 0.8689903846153846 0.7620192307692307 0.09375 0.10817307692307693
1 0.7980769230769231 0.5913461538461539 0.04807692307692308 0.125
1 0.7644230769230769 0.8665865384615384 0.057692307692307696 0.06009615384615385
1 0.6129807692307693 0.9375 0.05048076923076923 0.05048076923076923
1 0.71875 0.7980769230769231 0.05048076923076923 0.052884615384615384
1 0.7115384615384616 0.6995192307692307 0.040865384615384616 0.05048076923076923
1 0.7307692307692307 0.5396634615384616 0.0673076923076923 0.08653846153846154
1 0.6394230769230769 0.7103365384615384 0.03365384615384615 0.04567307692307692
1 0.6358173076923077 0.6286057692307693 0.028846153846153848 0.05048076923076923
1 0.5072115384615384 0.4098557692307692 0.040865384615384616 0.0625
1 0.5612980769230769 0.7560096153846154 0.09134615384615384 0.08653846153846154
1 0.49399038461538464 0.84375 0.04326923076923077 0.08653846153846154
1 0.4579326923076923 0.9098557692307693 0.040865384615384616 0.038461538461538464
1 0.36778846153846156 0.7584134615384616 0.0673076923076923 0.10817307692307693
1 0.30649038461538464 0.8665865384615384 0.057692307692307696 0.08173076923076923
1 0.5012019230769231 0.6021634615384616 0.03365384615384615 0.04567307692307692
1 0.4483173076923077 0.6021634615384616 0.03365384615384615 0.0625
1 0.4579326923076923 0.43990384615384615 0.028846153846153848 0.052884615384615384
1 0.41346153846153844 0.40384615384615385 0.040865384615384616 0.10096153846153846
1 0.29086538461538464 0.4855769230769231 0.03125 0.052884615384615384
1 0.8942307692307693 0.46634615384615385 0.03125 0.05048076923076923
1 0.28725961538461536 0.3641826923076923 0.03125 0.04567307692307692
1 0.23798076923076922 0.3918269230769231 0.038461538461538464 0.07451923076923077
1 0.1814903846153846 0.3557692307692308 0.0625 0.10576923076923077
1 0.18870192307692307 0.4579326923076923 0.028846153846153848 0.05048076923076923
1 0.14903846153846154 0.46274038461538464 0.028846153846153848 0.07451923076923077
1 0.27163461538461536 0.5877403846153846 0.03125 0.05048076923076923
1 0.1658653846153846 0.5853365384615384 0.08173076923076923 0.1201923076923077
1 0.19951923076923078 0.7560096153846154 0.1201923076923077 0.20432692307692307