0 0.5024038461538461 0.8221153846153846 0.08173076923076923 0.02403846153846154
0 0.4987980769230769 0.8786057692307693 0.04326923076923077 0.02403846153846154
0 0.6983173076923077 0.7680288461538461 0.055288461538461536 0.019230769230769232
0 0.6778846153846154 0.7091346153846154 0.052884615384615384 0.03365384615384615
0 0.6225961538461539 0.765625 0.04567307692307692 0.03365384615384615
0 0.7980769230769231 0.7487980769230769 0.04326923076923077 0.03365384615384615
0 0.8100961538461539 0.8269230769230769 0.057692307692307696 0.019230769230769232
0 0.8858173076923077 0.8509615384615384 0.028846153846153848 0.03125
0 0.30408653846153844 0.4338942307692308 0.07451923076923077 0.028846153846153848
0 0.28966346153846156 0.38100961538461536 0.12259615384615384 0.0673076923076923
0 0.3125 0.28125 0.07692307692307693 0.06009615384615385
0 0.4182692307692308 0.34615384615384615 0.08653846153846154 0.06490384615384616
0 0.20192307692307693 0.22956730769230768 0.038461538461538464 0.038461538461538464
0 0.8677884615384616 0.6213942307692307 0.0673076923076923 0.040865384615384616
0 0.9375 0.40024038461538464 0.03125 0.04567307692307692
0 0.17908653846153846 0.3076923076923077 0.07451923076923077 0.07692307692307693
0 0.8798076923076923 0.53125 0.03125 0.038461538461538464
0 0.44591346153846156 0.6286057692307693 0.06490384615384616 0.04326923076923077