0 0.9122596153846154 0.8197115384615384 0.10096153846153846 0.14423076923076922
0 0.7788461538461539 0.7788461538461539 0.09134615384615384 0.13942307692307693
0 0.7740384615384616 0.29927884615384615 0.09375 0.19230769230769232
0 0.6754807692307693 0.3269230769230769 0.10096153846153846 0.1778846153846154
0 0.6514423076923077 0.515625 0.11538461538461539 0.14423076923076922
0 0.4338942307692308 0.5048076923076923 0.10576923076923077 0.14903846153846154
0 0.4807692307692308 0.7752403846153846 0.1466346153846154 0.24519230769230768
0 0.4483173076923077 0.21394230769230768 0.09615384615384616 0.13942307692307693
0 0.359375 0.24278846153846154 0.052884615384615384 0.07692307692307693
0 0.26802884615384615 0.140625 0.08173076923076923 0.13221153846153846
0 0.17908653846153846 0.3125 0.18269230769230768 0.20673076923076922