0 0.9170673076923077 0.5300480769230769 0.038461538461538464 0.040865384615384616
0 0.8774038461538461 0.3798076923076923 0.03365384615384615 0.038461538461538464
0 0.8701923076923077 0.2512019230769231 0.028846153846153848 0.038461538461538464
0 0.8810096153846154 0.7956730769230769 0.03365384615384615 0.02403846153846154
0 0.8701923076923077 0.7379807692307693 0.028846153846153848 0.028846153846153848
0 0.8185096153846154 0.7223557692307693 0.028846153846153848 0.038461538461538464
0 0.75 0.5697115384615384 0.0625 0.0625
0 0.7415865384615384 0.49278846153846156 0.03365384615384615 0.028846153846153848
0 0.6875 0.14423076923076922 0.04326923076923077 0.04807692307692308
0 0.5492788461538461 0.16466346153846154 0.04326923076923077 0.04567307692307692
0 0.59375 0.6310096153846154 0.09134615384615384 0.04807692307692308
0 0.5961538461538461 0.7235576923076923 0.052884615384615384 0.09615384615384616
0 0.5925480769230769 0.8161057692307693 0.04807692307692308 0.04326923076923077
0 0.6490384615384616 0.8954326923076923 0.040865384615384616 0.05048076923076923
0 0.3173076923076923 0.8064903846153846 0.03365384615384615 0.052884615384615384
0 0.4170673076923077 0.7644230769230769 0.036057692307692304 0.038461538461538464
0 0.25 0.16826923076923078 0.04326923076923077 0.05048076923076923
0 0.5985576923076923 0.03125 0.040865384615384616 0.02403846153846154
0 0.13942307692307693 0.38221153846153844 0.02403846153846154 0.04326923076923077
0 0.039663461538461536 0.4375 0.038461538461538464 0.03365384615384615
0 0.1141826923076923 0.4735576923076923 0.028846153846153848 0.026442307692307692
0 0.07572115384615384 0.8774038461538461 0.03125 0.052884615384615384
0 0.3233173076923077 0.5841346153846154 0.0889423076923077 0.11778846153846154
0 0.11057692307692307 0.15264423076923078 0.03125 0.07211538461538461
0 0.46634615384615385 0.6394230769230769 0.03365384615384615 0.04326923076923077