0 0.04927884615384615 0.5540865384615384 0.08173076923076923 0.10576923076923077
0 0.15985576923076922 0.7740384615384616 0.052884615384615384 0.052884615384615384
0 0.05048076923076923 0.7884615384615384 0.0625 0.06490384615384616
0 0.2091346153846154 0.6213942307692307 0.03365384615384615 0.05048076923076923
0 0.3942307692307692 0.7668269230769231 0.07692307692307693 0.08173076923076923
0 0.3858173076923077 0.8701923076923077 0.03125 0.0625
0 0.22355769230769232 0.43990384615384615 0.13221153846153846 0.18269230769230768
0 0.38341346153846156 0.4735576923076923 0.16346153846153846 0.23557692307692307
0 0.051682692307692304 0.38221153846153844 0.026442307692307692 0.04807692307692308
0 0.11298076923076923 0.43509615384615385 0.0625 0.05048076923076923
0 0.5889423076923077 0.5288461538461539 0.21634615384615385 0.40625
0 0.5829326923076923 0.7896634615384616 0.036057692307692304 0.08173076923076923
0 0.5096153846153846 0.8269230769230769 0.028846153846153848 0.040865384615384616
0 0.7788461538461539 0.5228365384615384 0.15384615384615385 0.1778846153846154
0 0.9182692307692307 0.5300480769230769 0.10576923076923077 0.13942307692307693
0 0.6418269230769231 0.9158653846153846 0.14903846153846154 0.16346153846153846
0 0.7644230769230769 0.8677884615384616 0.09134615384615384 0.19230769230769232
0 0.8581730769230769 0.9483173076923077 0.04326923076923077 0.0673076923076923
0 0.9615384615384616 0.8713942307692307 0.07451923076923077 0.15625
0 0.8930288461538461 0.8209134615384616 0.052884615384615384 0.07692307692307693
0 0.9278846153846154 0.7079326923076923 0.11538461538461539 0.11057692307692307
0 0.6598557692307693 0.7824519230769231 0.07451923076923077 0.0673076923076923