1 0.296875 0.359375 0.07692307692307693 0.06009615384615385
1 0.45072115384615385 0.30408653846153844 0.052884615384615384 0.04807692307692308
1 0.5252403846153846 0.4495192307692308 0.08173076923076923 0.0985576923076923
1 0.5889423076923077 0.24879807692307693 0.04807692307692308 0.055288461538461536
1 0.4579326923076923 0.38221153846153844 0.038461538461538464 0.04807692307692308
1 0.4014423076923077 0.7163461538461539 0.10336538461538461 0.07211538461538461
1 0.4170673076923077 0.5637019230769231 0.10096153846153846 0.0673076923076923
1 0.3641826923076923 0.6286057692307693 0.0625 0.040865384615384616
1 0.2824519230769231 0.5288461538461539 0.07692307692307693 0.06009615384615385
1 0.2403846153846154 0.6069711538461539 0.08173076923076923 0.055288461538461536
1 0.2536057692307692 0.6742788461538461 0.0673076923076923 0.04567307692307692
1 0.5949519230769231 0.5288461538461539 0.02403846153846154 0.04326923076923077
1 0.5877403846153846 0.6141826923076923 0.07451923076923077 0.08173076923076923
1 0.5012019230769231 0.5360576923076923 0.052884615384615384 0.04567307692307692