0 0.6947115384615384 0.21394230769230768 0.038461538461538464 0.057692307692307696
0 0.6141826923076923 0.5276442307692307 0.07932692307692307 0.14903846153846154
0 0.5745192307692307 0.34975961538461536 0.0673076923076923 0.16346153846153846
0 0.4723557692307692 0.39903846153846156 0.12980769230769232 0.20673076923076922
0 0.5276442307692307 0.6526442307692307 0.08653846153846154 0.16826923076923078
0 0.6045673076923077 0.7115384615384616 0.052884615384615384 0.07692307692307693
0 0.4182692307692308 0.59375 0.09375 0.17548076923076922
0 0.3629807692307692 0.44711538461538464 0.09134615384615384 0.11057692307692307
0 0.24879807692307693 0.35336538461538464 0.12259615384615384 0.37259615384615385
0 0.14903846153846154 0.41586538461538464 0.0673076923076923 0.20673076923076922
0 0.055288461538461536 0.36778846153846156 0.10576923076923077 0.21634615384615385
0 0.6911057692307693 0.7283653846153846 0.057692307692307696 0.11057692307692307