1 0.4579326923076923 0.6899038461538461 0.0673076923076923 0.07211538461538461
1 0.6622596153846154 0.6237980769230769 0.07692307692307693 0.09615384615384616
1 0.8918269230769231 0.3894230769230769 0.057692307692307696 0.057692307692307696
1 0.5877403846153846 0.5084134615384616 0.06009615384615385 0.04326923076923077
1 0.6394230769230769 0.4266826923076923 0.11057692307692307 0.06971153846153846
1 0.49158653846153844 0.43509615384615385 0.11057692307692307 0.07692307692307693
1 0.6274038461538461 0.23557692307692307 0.07211538461538461 0.0625
1 0.6935096153846154 0.06971153846153846 0.11057692307692307 0.1346153846153846
1 0.5805288461538461 0.30649038461538464 0.06009615384615385 0.06009615384615385
1 0.44471153846153844 0.15745192307692307 0.08653846153846154 0.052884615384615384
1 0.125 0.2932692307692308 0.125 0.08653846153846154
1 0.15625 0.3786057692307692 0.08173076923076923 0.0625
1 0.18990384615384615 0.4483173076923077 0.057692307692307696 0.0625
1 0.2548076923076923 0.47596153846153844 0.04567307692307692 0.052884615384615384
1 0.20552884615384615 0.7271634615384616 0.08173076923076923 0.17307692307692307
1 0.28846153846153844 0.5949519230769231 0.08653846153846154 0.09375