0 0.59375 0.9723557692307693 0.07692307692307693 0.038461538461538464
0 0.6394230769230769 0.9230769230769231 0.04326923076923077 0.04326923076923077
0 0.9242788461538461 0.19831730769230768 0.04326923076923077 0.038461538461538464
0 0.2932692307692308 0.10697115384615384 0.09615384615384616 0.07692307692307693
0 0.42908653846153844 0.1201923076923077 0.0673076923076923 0.0673076923076923
0 0.7043269230769231 0.7524038461538461 0.10096153846153846 0.09375
0 0.33774038461538464 0.39783653846153844 0.04326923076923077 0.04326923076923077
0 0.30408653846153844 0.3401442307692308 0.11057692307692307 0.055288461538461536
0 0.3954326923076923 0.3161057692307692 0.052884615384615384 0.052884615384615384
0 0.34615384615384615 0.2439903846153846 0.04326923076923077 0.052884615384615384
0 0.48677884615384615 0.39302884615384615 0.10096153846153846 0.0673076923076923
0 0.5264423076923077 0.2439903846153846 0.17307692307692307 0.13701923076923078
0 0.6959134615384616 0.2091346153846154 0.1466346153846154 0.1201923076923077
0 0.5805288461538461 0.6598557692307693 0.03125 0.08173076923076923
0 0.7307692307692307 0.65625 0.23557692307692307 0.09134615384615384
0 0.7355769230769231 0.5721153846153846 0.13942307692307693 0.0673076923076923
0 0.5997596153846154 0.5552884615384616 0.036057692307692304 0.0673076923076923
0 0.953125 0.296875 0.038461538461538464 0.04807692307692308
0 0.7644230769230769 0.40384615384615385 0.2668269230769231 0.25961538461538464
0 0.6105769230769231 0.4699519230769231 0.03125 0.08653846153846154
0 0.6021634615384616 0.39302884615384615 0.04807692307692308 0.04326923076923077