1 0.6430288461538461 0.9723557692307693 0.04326923076923077 0.04567307692307692
1 0.6959134615384616 0.90625 0.03125 0.057692307692307696
1 0.7788461538461539 0.8798076923076923 0.038461538461538464 0.055288461538461536
1 0.7271634615384616 0.7692307692307693 0.0625 0.06490384615384616
1 0.6117788461538461 0.7439903846153846 0.040865384615384616 0.052884615384615384
1 0.6802884615384616 0.6923076923076923 0.040865384615384616 0.06490384615384616
1 0.3870192307692308 0.859375 0.052884615384615384 0.06490384615384616
1 0.33413461538461536 0.7908653846153846 0.036057692307692304 0.07211538461538461
1 0.29086538461538464 0.7103365384615384 0.04807692307692308 0.04807692307692308
1 0.34615384615384615 0.5829326923076923 0.04807692307692308 0.052884615384615384
1 0.8689903846153846 0.4170673076923077 0.04567307692307692 0.06490384615384616
1 0.8713942307692307 0.16105769230769232 0.057692307692307696 0.09134615384615384
1 0.7896634615384616 0.3245192307692308 0.06971153846153846 0.08413461538461539
1 0.6802884615384616 0.16947115384615385 0.0625 0.07211538461538461
1 0.6237980769230769 0.32091346153846156 0.18269230769230768 0.15865384615384615
1 0.4951923076923077 0.5240384615384616 0.10817307692307693 0.1971153846153846
1 0.3641826923076923 0.3425480769230769 0.0673076923076923 0.12980769230769232
1 0.30288461538461536 0.27524038461538464 0.03365384615384615 0.057692307692307696
1 0.23798076923076922 0.59375 0.10817307692307693 0.14903846153846154
1 0.21875 0.4423076923076923 0.05048076923076923 0.12980769230769232
1 0.23317307692307693 0.3088942307692308 0.06490384615384616 0.0889423076923077