1 0.2608173076923077 0.9663461538461539 0.04326923076923077 0.04326923076923077
1 0.34375 0.9603365384615384 0.052884615384615384 0.03125
1 0.296875 0.9086538461538461 0.052884615384615384 0.055288461538461536
1 0.15384615384615385 0.9146634615384616 0.036057692307692304 0.028846153846153848
1 0.12259615384615384 0.859375 0.036057692307692304 0.052884615384615384
1 0.40384615384615385 0.890625 0.0985576923076923 0.0673076923076923
1 0.3858173076923077 0.8040865384615384 0.052884615384615384 0.036057692307692304
1 0.46634615384615385 0.8016826923076923 0.057692307692307696 0.07211538461538461
1 0.45552884615384615 0.7019230769230769 0.057692307692307696 0.038461538461538464
1 0.5600961538461539 0.6682692307692307 0.0673076923076923 0.036057692307692304
1 0.515625 0.625 0.0625 0.036057692307692304
1 0.609375 0.5817307692307693 0.0625 0.036057692307692304
1 0.4483173076923077 0.5432692307692307 0.052884615384615384 0.038461538461538464
1 0.5985576923076923 0.5300480769230769 0.052884615384615384 0.036057692307692304
1 0.6225961538461539 0.4795673076923077 0.04807692307692308 0.038461538461538464
1 0.5108173076923077 0.49399038461538464 0.04326923076923077 0.036057692307692304
1 0.7259615384615384 0.28125 0.04807692307692308 0.038461538461538464
1 0.6201923076923077 0.19230769230769232 0.052884615384615384 0.04326923076923077
1 0.16706730769230768 0.5600961538461539 0.07211538461538461 0.04807692307692308
1 0.21394230769230768 0.4567307692307692 0.09375 0.04807692307692308
1 0.3076923076923077 0.4723557692307692 0.052884615384615384 0.038461538461538464
1 0.609375 0.28365384615384615 0.125 0.06009615384615385
1 0.6177884615384616 0.35336538461538464 0.057692307692307696 0.038461538461538464
1 0.37259615384615385 0.2439903846153846 0.3389423076923077 0.2644230769230769
1 0.6802884615384616 0.390625 0.04807692307692308 0.036057692307692304
1 0.3701923076923077 0.4206730769230769 0.04326923076923077 0.038461538461538464
1 0.2860576923076923 0.40024038461538464 0.0625 0.03125
1 0.5132211538461539 0.40625 0.20192307692307693 0.06009615384615385