1 0.3076923076923077 0.9278846153846154 0.07211538461538461 0.0625
1 0.5817307692307693 0.9615384615384616 0.08413461538461539 0.06009615384615385
1 0.4723557692307692 0.9014423076923077 0.0889423076923077 0.07692307692307693
1 0.6923076923076923 0.8870192307692307 0.19230769230769232 0.08173076923076923
1 0.7415865384615384 0.703125 0.08413461538461539 0.057692307692307696
1 0.9314903846153846 0.1346153846153846 0.07932692307692307 0.057692307692307696
1 0.2860576923076923 0.43149038461538464 0.11298076923076923 0.05048076923076923
1 0.18509615384615385 0.3605769230769231 0.07932692307692307 0.057692307692307696
1 0.32572115384615385 0.3798076923076923 0.07932692307692307 0.03365384615384615
1 0.47475961538461536 0.14423076923076922 0.08413461538461539 0.057692307692307696
1 0.14302884615384615 0.18389423076923078 0.0889423076923077 0.04326923076923077
1 0.5324519230769231 0.042067307692307696 0.0625 0.040865384615384616
1 0.15504807692307693 0.030048076923076924 0.0673076923076923 0.040865384615384616