1 0.7247596153846154 0.6117788461538461 0.036057692307692304 0.057692307692307696
1 0.5288461538461539 0.7379807692307693 0.038461538461538464 0.0625
1 0.5985576923076923 0.5637019230769231 0.09375 0.06009615384615385
1 0.6754807692307693 0.43990384615384615 0.07451923076923077 0.07211538461538461
1 0.5408653846153846 0.4362980769230769 0.038461538461538464 0.052884615384615384
1 0.47596153846153844 0.5036057692307693 0.040865384615384616 0.057692307692307696
1 0.14783653846153846 0.5661057692307693 0.036057692307692304 0.052884615384615384
1 0.18509615384615385 0.6129807692307693 0.036057692307692304 0.036057692307692304
1 0.25 0.4014423076923077 0.03125 0.057692307692307696
1 0.3942307692307692 0.4567307692307692 0.03365384615384615 0.05048076923076923
1 0.5144230769230769 0.3762019230769231 0.04326923076923077 0.04807692307692308
1 0.4206730769230769 0.39663461538461536 0.052884615384615384 0.052884615384615384