1 0.38822115384615385 0.27524038461538464 0.057692307692307696 0.036057692307692304
1 0.2620192307692308 0.47115384615384615 0.0625 0.038461538461538464
1 0.4362980769230769 0.4014423076923077 0.06009615384615385 0.09375
1 0.5600961538461539 0.3245192307692308 0.07211538461538461 0.07451923076923077
1 0.5637019230769231 0.45913461538461536 0.052884615384615384 0.038461538461538464
1 0.4963942307692308 0.5240384615384616 0.057692307692307696 0.040865384615384616
1 0.4338942307692308 0.8521634615384616 0.052884615384615384 0.036057692307692304
1 0.3870192307692308 0.8149038461538461 0.038461538461538464 0.036057692307692304
1 0.5985576923076923 0.75 0.057692307692307696 0.03125
1 0.5432692307692307 0.6057692307692307 0.05048076923076923 0.03365384615384615
1 0.6237980769230769 0.4855769230769231 0.04807692307692308 0.04326923076923077
1 0.6033653846153846 0.5793269230769231 0.052884615384615384 0.052884615384615384