1 0.3858173076923077 0.015625 0.07211538461538461 0.02403846153846154
1 0.6286057692307693 0.9122596153846154 0.37740384615384615 0.17067307692307693
1 0.875 0.9879807692307693 0.04807692307692308 0.021634615384615384
1 0.8713942307692307 0.8677884615384616 0.03365384615384615 0.02403846153846154
1 0.7788461538461539 0.5685096153846154 0.04326923076923077 0.026442307692307692
1 0.6971153846153846 0.7319711538461539 0.23557692307692307 0.1778846153846154
1 0.4699519230769231 0.234375 0.27884615384615385 0.31490384615384615
1 0.6790865384615384 0.15745192307692307 0.03365384615384615 0.04326923076923077
1 0.7163461538461539 0.23076923076923078 0.019230769230769232 0.02403846153846154
1 0.6790865384615384 0.45913461538461536 0.05048076923076923 0.0673076923076923
1 0.6322115384615384 0.3786057692307692 0.026442307692307692 0.02403846153846154
1 0.671875 0.22355769230769232 0.03365384615384615 0.028846153846153848
1 0.8798076923076923 0.6478365384615384 0.03365384615384615 0.02403846153846154
1 0.9759615384615384 0.7439903846153846 0.028846153846153848 0.02403846153846154
1 0.4699519230769231 0.7319711538461539 0.20673076923076922 0.18028846153846154
1 0.4879807692307692 0.515625 0.2980769230769231 0.24519230769230768
1 0.3713942307692308 0.055288461538461536 0.038461538461538464 0.03125
1 0.9290865384615384 0.8028846153846154 0.038461538461538464 0.028846153846153848