1 0.7487980769230769 0.7872596153846154 0.10576923076923077 0.1875
1 0.5985576923076923 0.3870192307692308 0.028846153846153848 0.07211538461538461
1 0.3701923076923077 0.9675480769230769 0.03365384615384615 0.040865384615384616
1 0.33413461538461536 0.8052884615384616 0.1346153846153846 0.23076923076923078
1 0.24158653846153846 0.4951923076923077 0.07451923076923077 0.1346153846153846
1 0.13221153846153846 0.40384615384615385 0.026442307692307692 0.040865384615384616
1 0.32091346153846156 0.6057692307692307 0.07451923076923077 0.0625
1 0.32211538461538464 0.5408653846153846 0.03365384615384615 0.04326923076923077
1 0.3317307692307692 0.43149038461538464 0.0625 0.10576923076923077
1 0.4074519230769231 0.6141826923076923 0.038461538461538464 0.052884615384615384
1 0.38100961538461536 0.5360576923076923 0.04326923076923077 0.052884615384615384
1 0.3942307692307692 0.42908653846153844 0.03365384615384615 0.057692307692307696
1 0.5024038461538461 0.3401442307692308 0.03365384615384615 0.04567307692307692
1 0.5528846153846154 0.8341346153846154 0.24278846153846154 0.2644230769230769
1 0.43028846153846156 0.37259615384615385 0.02403846153846154 0.0625
1 0.5036057692307693 0.5348557692307693 0.08413461538461539 0.28846153846153844
1 0.43990384615384615 0.4879807692307692 0.038461538461538464 0.10576923076923077
1 0.6394230769230769 0.6466346153846154 0.057692307692307696 0.09615384615384616
1 0.5757211538461539 0.5745192307692307 0.052884615384615384 0.09134615384615384