1 0.06971153846153846 0.6923076923076923 0.016826923076923076 0.03365384615384615
1 0.056490384615384616 0.8004807692307693 0.014423076923076924 0.04326923076923077
1 0.078125 0.7944711538461539 0.009615384615384616 0.026442307692307692
1 0.06129807692307692 0.8798076923076923 0.016826923076923076 0.03365384615384615
1 0.09975961538461539 0.8689903846153846 0.04807692307692308 0.10576923076923077
1 0.11538461538461539 0.7872596153846154 0.02403846153846154 0.03365384615384615
1 0.17548076923076922 0.7163461538461539 0.12259615384615384 0.08653846153846154
1 0.19831730769230768 0.7836538461538461 0.014423076923076924 0.038461538461538464
1 0.1658653846153846 0.7884615384615384 0.03125 0.04326923076923077
1 0.13701923076923078 0.8305288461538461 0.016826923076923076 0.03365384615384615
1 0.171875 0.8557692307692307 0.04326923076923077 0.07211538461538461
1 0.1778846153846154 0.9326923076923077 0.019230769230769232 0.03365384615384615
1 0.1502403846153846 0.9831730769230769 0.014423076923076924 0.019230769230769232
1 0.2091346153846154 0.9170673076923077 0.021634615384615384 0.040865384615384616