1 0.7103365384615384 0.4891826923076923 0.03125 0.038461538461538464
1 0.8665865384615384 0.953125 0.0625 0.08413461538461539
1 0.1971153846153846 0.6634615384615384 0.18269230769230768 0.09134615384615384
1 0.27283653846153844 0.75 0.04567307692307692 0.04567307692307692
1 0.5516826923076923 0.2860576923076923 0.13221153846153846 0.1778846153846154
1 0.34375 0.3473557692307692 0.15144230769230768 0.15384615384615385
1 0.22115384615384615 0.4182692307692308 0.038461538461538464 0.0673076923076923
1 0.59375 0.48197115384615385 0.06009615384615385 0.07211538461538461
1 0.5144230769230769 0.5096153846153846 0.04326923076923077 0.0625
1 0.4362980769230769 0.5024038461538461 0.04807692307692308 0.04807692307692308
1 0.5120192307692307 0.6141826923076923 0.052884615384615384 0.052884615384615384
1 0.21394230769230768 0.5036057692307693 0.0625 0.06490384615384616
1 0.5048076923076923 0.7620192307692307 0.0625 0.0673076923076923