1 0.28966346153846156 0.5108173076923077 0.03125 0.038461538461538464
1 0.13341346153846154 0.046875 0.06490384615384616 0.08413461538461539
1 0.8028846153846154 0.33653846153846156 0.18269230769230768 0.09134615384615384
1 0.7271634615384616 0.25 0.04567307692307692 0.04567307692307692
1 0.4483173076923077 0.7139423076923077 0.13221153846153846 0.1778846153846154
1 0.65625 0.6526442307692307 0.15144230769230768 0.15384615384615385
1 0.7788461538461539 0.5817307692307693 0.038461538461538464 0.0673076923076923
1 0.40625 0.5180288461538461 0.06009615384615385 0.07211538461538461
1 0.4855769230769231 0.49038461538461536 0.04326923076923077 0.0625
1 0.5637019230769231 0.49759615384615385 0.04807692307692308 0.04807692307692308
1 0.4879807692307692 0.3858173076923077 0.052884615384615384 0.052884615384615384
1 0.7860576923076923 0.4963942307692308 0.0625 0.06490384615384616
1 0.4951923076923077 0.23798076923076922 0.0625 0.0673076923076923