1 0.8473557692307693 0.43990384615384615 0.15865384615384615 0.13701923076923078
1 0.5709134615384616 0.15144230769230768 0.0985576923076923 0.04807692307692308
1 0.6322115384615384 0.3425480769230769 0.09134615384615384 0.057692307692307696
1 0.5913461538461539 0.24639423076923078 0.10096153846153846 0.0625
1 0.46274038461538464 0.22355769230769232 0.07451923076923077 0.040865384615384616
1 0.3233173076923077 0.10216346153846154 0.11298076923076923 0.08653846153846154
1 0.19110576923076922 0.1622596153846154 0.0625 0.0673076923076923
1 0.20552884615384615 0.3425480769230769 0.30288461538461536 0.2548076923076923
1 0.5012019230769231 0.43149038461538464 0.27163461538461536 0.07692307692307693
1 0.22115384615384615 0.5180288461538461 0.11057692307692307 0.08173076923076923
1 0.5600961538461539 0.640625 0.23076923076923078 0.16826923076923078
1 0.28125 0.6670673076923077 0.2932692307692308 0.13942307692307693
1 0.3581730769230769 0.7872596153846154 0.08653846153846154 0.038461538461538464
1 0.06129807692307692 0.7920673076923077 0.09615384615384616 0.09615384615384616
1 0.47836538461538464 0.8617788461538461 0.04807692307692308 0.038461538461538464