1 0.15264423076923078 0.5600961538461539 0.15865384615384615 0.13701923076923078
1 0.42908653846153844 0.8485576923076923 0.0985576923076923 0.04807692307692308
1 0.36778846153846156 0.6574519230769231 0.09134615384615384 0.057692307692307696
1 0.40865384615384615 0.7536057692307693 0.10096153846153846 0.0625
1 0.5372596153846154 0.7764423076923077 0.07451923076923077 0.040865384615384616
1 0.6766826923076923 0.8978365384615384 0.11298076923076923 0.08653846153846154
1 0.8088942307692307 0.8377403846153846 0.0625 0.0673076923076923
1 0.7944711538461539 0.6574519230769231 0.30288461538461536 0.2548076923076923
1 0.4987980769230769 0.5685096153846154 0.27163461538461536 0.07692307692307693
1 0.7788461538461539 0.48197115384615385 0.11057692307692307 0.08173076923076923
1 0.43990384615384615 0.359375 0.23076923076923078 0.16826923076923078
1 0.71875 0.3329326923076923 0.2932692307692308 0.13942307692307693
1 0.6418269230769231 0.2127403846153846 0.08653846153846154 0.038461538461538464
1 0.9387019230769231 0.20793269230769232 0.09615384615384616 0.09615384615384616
1 0.5216346153846154 0.13822115384615385 0.04807692307692308 0.038461538461538464