1 0.6646634615384616 0.16346153846153846 0.028846153846153848 0.038461538461538464
1 0.8569711538461539 0.11057692307692307 0.04326923076923077 0.057692307692307696
1 0.7475961538461539 0.29086538461538464 0.11538461538461539 0.1201923076923077
1 0.4050480769230769 0.22115384615384615 0.25 0.2403846153846154
1 0.23197115384615385 0.2764423076923077 0.055288461538461536 0.13942307692307693
1 0.6021634615384616 0.3389423076923077 0.11538461538461539 0.1875
1 0.47475961538461536 0.39663461538461536 0.10096153846153846 0.0625
1 0.29447115384615385 0.47115384615384615 0.25 0.1346153846153846
1 0.21754807692307693 0.6634615384615384 0.11538461538461539 0.23076923076923078
1 0.5420673076923077 0.5288461538461539 0.17548076923076922 0.125
1 0.42788461538461536 0.6009615384615384 0.04326923076923077 0.038461538461538464
1 0.7644230769230769 0.6418269230769231 0.12980769230769232 0.22596153846153846
1 0.7103365384615384 0.8149038461538461 0.08173076923076923 0.0625
1 0.7247596153846154 0.9519230769230769 0.05048076923076923 0.057692307692307696
1 0.625 0.6490384615384616 0.11057692307692307 0.09615384615384616
1 0.4723557692307692 0.6634615384615384 0.09615384615384616 0.057692307692307696
1 0.5528846153846154 0.7740384615384616 0.055288461538461536 0.057692307692307696
1 0.47475961538461536 0.8485576923076923 0.06971153846153846 0.12980769230769232
1 0.36538461538461536 0.7211538461538461 0.10096153846153846 0.16346153846153846