1 0.8942307692307693 0.47475961538461536 0.0673076923076923 0.07932692307692307
1 0.8737980769230769 0.5757211538461539 0.04567307692307692 0.04807692307692308
1 0.7932692307692307 0.4951923076923077 0.0673076923076923 0.04326923076923077
1 0.6454326923076923 0.6838942307692307 0.08653846153846154 0.04326923076923077
1 0.46875 0.6274038461538461 0.07692307692307693 0.04807692307692308
1 0.2608173076923077 0.5661057692307693 0.09615384615384616 0.08173076923076923
1 0.6153846153846154 0.5048076923076923 0.0625 0.06009615384615385
1 0.5060096153846154 0.49038461538461536 0.06490384615384616 0.06971153846153846
1 0.3954326923076923 0.4266826923076923 0.07692307692307693 0.06009615384615385
1 0.7007211538461539 0.38341346153846156 0.08413461538461539 0.125
1 0.5625 0.3557692307692308 0.09615384615384616 0.11298076923076923
1 0.5252403846153846 0.18509615384615385 0.11538461538461539 0.09615384615384616
1 0.34375 0.27283653846153844 0.052884615384615384 0.04326923076923077
1 0.41466346153846156 0.10697115384615384 0.08173076923076923 0.07211538461538461
1 0.2127403846153846 0.2932692307692308 0.09615384615384616 0.09134615384615384
1 0.037259615384615384 0.6454326923076923 0.026442307692307692 0.04326923076923077
1 0.07572115384615384 0.3629807692307692 0.028846153846153848 0.038461538461538464