1 0.10576923076923077 0.5252403846153846 0.0673076923076923 0.07932692307692307
1 0.12620192307692307 0.42427884615384615 0.04567307692307692 0.04807692307692308
1 0.20673076923076922 0.5048076923076923 0.0673076923076923 0.04326923076923077
1 0.3545673076923077 0.3161057692307692 0.08653846153846154 0.04326923076923077
1 0.53125 0.37259615384615385 0.07692307692307693 0.04807692307692308
1 0.7391826923076923 0.4338942307692308 0.09615384615384616 0.08413461538461539
1 0.38461538461538464 0.4951923076923077 0.0625 0.06009615384615385
1 0.49399038461538464 0.5096153846153846 0.06490384615384616 0.06971153846153846
1 0.6045673076923077 0.5733173076923077 0.07692307692307693 0.06009615384615385
1 0.29927884615384615 0.6165865384615384 0.08413461538461539 0.125
1 0.4375 0.6442307692307693 0.09615384615384616 0.11298076923076923
1 0.47475961538461536 0.8149038461538461 0.11538461538461539 0.09615384615384616
1 0.65625 0.7271634615384616 0.052884615384615384 0.04326923076923077
1 0.5853365384615384 0.8930288461538461 0.07932692307692307 0.07211538461538461
1 0.7872596153846154 0.7067307692307693 0.09615384615384616 0.09134615384615384
1 0.9627403846153846 0.3545673076923077 0.026442307692307692 0.04326923076923077
1 0.9242788461538461 0.6370192307692307 0.028846153846153848 0.038461538461538464