1 0.5024038461538461 0.8918269230769231 0.08173076923076923 0.0673076923076923
1 0.39783653846153844 0.8713942307692307 0.05048076923076923 0.04807692307692308
1 0.4807692307692308 0.7884615384615384 0.04326923076923077 0.07211538461538461
1 0.28365384615384615 0.6382211538461539 0.04567307692307692 0.09134615384615384
1 0.3425480769230769 0.4567307692307692 0.052884615384615384 0.08173076923076923
1 0.4074519230769231 0.24519230769230768 0.08653846153846154 0.09615384615384616
1 0.47115384615384615 0.6069711538461539 0.0625 0.0625
1 0.48677884615384615 0.4951923076923077 0.07211538461538461 0.0673076923076923
1 0.5528846153846154 0.38221153846153844 0.0625 0.08173076923076923
1 0.5985576923076923 0.6947115384615384 0.13221153846153846 0.08653846153846154
1 0.6274038461538461 0.5528846153846154 0.11778846153846154 0.10096153846153846
1 0.8064903846153846 0.5144230769230769 0.0985576923076923 0.11778846153846154
1 0.7139423076923077 0.3293269230769231 0.04326923076923077 0.052884615384615384
1 0.8882211538461539 0.4014423076923077 0.07451923076923077 0.08173076923076923
1 0.6935096153846154 0.19591346153846154 0.09615384615384616 0.09615384615384616
1 0.3245192307692308 0.015625 0.04807692307692308 0.028846153846153848
1 0.6201923076923077 0.055288461538461536 0.038461538461538464 0.03125