1 0.7536057692307693 0.08533653846153846 0.15865384615384615 0.05048076923076923
1 0.5372596153846154 0.020432692307692308 0.02403846153846154 0.026442307692307692
1 0.6105769230769231 0.16466346153846154 0.028846153846153848 0.05048076923076923
1 0.7944711538461539 0.38221153846153844 0.11538461538461539 0.28365384615384615
1 0.8040865384615384 0.18990384615384615 0.038461538461538464 0.052884615384615384
1 0.6213942307692307 0.47115384615384615 0.20673076923076922 0.14903846153846154
1 0.6598557692307693 0.6117788461538461 0.038461538461538464 0.04326923076923077
1 0.46875 0.43028846153846156 0.07692307692307693 0.08653846153846154
1 0.44350961538461536 0.3245192307692308 0.04807692307692308 0.07692307692307693
1 0.3942307692307692 0.4266826923076923 0.04807692307692308 0.09375
1 0.35216346153846156 0.546875 0.16826923076923078 0.08173076923076923
1 0.34615384615384615 0.6129807692307693 0.07211538461538461 0.038461538461538464
1 0.24759615384615385 0.6298076923076923 0.07451923076923077 0.06009615384615385
1 0.1622596153846154 0.6670673076923077 0.055288461538461536 0.10096153846153846
1 0.18389423076923078 0.5504807692307693 0.04326923076923077 0.052884615384615384
1 0.0889423076923077 0.5961538461538461 0.03365384615384615 0.052884615384615384