1 0.020432692307692308 0.2692307692307692 0.038461538461538464 0.052884615384615384
1 0.12379807692307693 0.2536057692307692 0.03125 0.10096153846153846
1 0.3004807692307692 0.7319711538461539 0.16826923076923078 0.11538461538461539
1 0.234375 0.5552884615384616 0.06971153846153846 0.11057692307692307
1 0.11538461538461539 0.4423076923076923 0.036057692307692304 0.09134615384615384
1 0.2920673076923077 0.5372596153846154 0.028846153846153848 0.15384615384615385
1 0.3581730769230769 0.5360576923076923 0.0625 0.08653846153846154
1 0.48197115384615385 0.5637019230769231 0.026442307692307692 0.08653846153846154
1 0.43149038461538464 0.7019230769230769 0.052884615384615384 0.17548076923076922
1 0.4735576923076923 0.7175480769230769 0.016826923076923076 0.11538461538461539
1 0.4387019230769231 0.27524038461538464 0.038461538461538464 0.1201923076923077
1 0.16706730769230768 0.07091346153846154 0.04326923076923077 0.05048076923076923
1 0.1658653846153846 0.018028846153846152 0.040865384615384616 0.036057692307692304
1 0.4050480769230769 0.4699519230769231 0.028846153846153848 0.10336538461538461
1 0.45552884615384615 0.11778846153846154 0.028846153846153848 0.15865384615384615
1 0.4807692307692308 0.375 0.02403846153846154 0.0625
1 0.2704326923076923 0.11778846153846154 0.15865384615384615 0.23557692307692307
1 0.28365384615384615 0.3485576923076923 0.1778846153846154 0.21634615384615385
1 0.38461538461538464 0.09615384615384616 0.057692307692307696 0.19230769230769232
1 0.38822115384615385 0.2692307692307692 0.019230769230769232 0.04807692307692308
1 0.39663461538461536 0.35697115384615385 0.028846153846153848 0.0625