1 0.6442307692307693 0.7692307692307693 0.028846153846153848 0.04807692307692308
1 0.9387019230769231 0.09254807692307693 0.02403846153846154 0.04807692307692308
1 0.9651442307692307 0.18028846153846154 0.014423076923076924 0.04326923076923077
1 0.6983173076923077 0.8942307692307693 0.057692307692307696 0.06490384615384616
1 0.8978365384615384 0.8425480769230769 0.026442307692307692 0.04807692307692308
1 0.7524038461538461 0.7776442307692307 0.028846153846153848 0.057692307692307696
1 0.8088942307692307 0.8545673076923077 0.057692307692307696 0.06490384615384616
1 0.7247596153846154 0.6237980769230769 0.026442307692307692 0.03365384615384615
1 0.12139423076923077 0.5709134615384616 0.014423076923076924 0.02403846153846154
1 0.12980769230769232 0.6298076923076923 0.026442307692307692 0.036057692307692304
1 0.19471153846153846 0.671875 0.07692307692307693 0.10576923076923077
1 0.24519230769230768 0.5853365384615384 0.07692307692307693 0.0673076923076923
1 0.26322115384615385 0.6802884615384616 0.04567307692307692 0.11298076923076923
1 0.11778846153846154 0.328125 0.07211538461538461 0.3173076923076923
1 0.20432692307692307 0.44591346153846156 0.08413461538461539 0.10576923076923077
1 0.2764423076923077 0.49759615384615385 0.02403846153846154 0.040865384615384616
1 0.328125 0.5480769230769231 0.0673076923076923 0.14903846153846154
1 0.4050480769230769 0.5865384615384616 0.052884615384615384 0.12980769230769232
1 0.46274038461538464 0.7283653846153846 0.026442307692307692 0.03365384615384615
1 0.36177884615384615 0.7007211538461539 0.03365384615384615 0.040865384615384616
1 0.265625 0.22716346153846154 0.1971153846153846 0.3173076923076923
1 0.39783653846153844 0.03245192307692308 0.026442307692307692 0.057692307692307696
1 0.41225961538461536 0.2776442307692308 0.0889423076923077 0.21634615384615385
1 0.38461538461538464 0.14423076923076922 0.028846153846153848 0.04326923076923077
1 0.328125 0.4050480769230769 0.04567307692307692 0.03365384615384615