1 0.9819711538461539 0.33653846153846156 0.03365384615384615 0.07211538461538461
1 0.7355769230769231 0.015625 0.02403846153846154 0.028846153846153848
1 0.7692307692307693 0.23557692307692307 0.07211538461538461 0.10576923076923077
1 0.7055288461538461 0.2956730769230769 0.03365384615384615 0.016826923076923076
1 0.7211538461538461 0.2403846153846154 0.014423076923076924 0.02403846153846154
1 0.9783653846153846 0.2608173076923077 0.038461538461538464 0.02403846153846154
1 0.8461538461538461 0.16346153846153846 0.019230769230769232 0.02403846153846154
1 0.8786057692307693 0.20192307692307693 0.021634615384615384 0.03365384615384615
1 0.9242788461538461 0.23677884615384615 0.016826923076923076 0.014423076923076924
1 0.859375 0.23076923076923078 0.03365384615384615 0.019230769230769232
1 0.8197115384615384 0.24158653846153846 0.021634615384615384 0.016826923076923076
1 0.8449519230769231 0.2608173076923077 0.019230769230769232 0.019230769230769232
1 0.8930288461538461 0.25240384615384615 0.02403846153846154 0.021634615384615384
1 0.8737980769230769 0.28125 0.019230769230769232 0.016826923076923076
1 0.8605769230769231 0.3137019230769231 0.026442307692307692 0.03365384615384615
1 0.7920673076923077 0.31971153846153844 0.028846153846153848 0.038461538461538464
1 0.828125 0.34615384615384615 0.03365384615384615 0.06009615384615385
1 0.8617788461538461 0.37259615384615385 0.019230769230769232 0.009615384615384616
1 0.7548076923076923 0.31009615384615385 0.026442307692307692 0.02403846153846154
1 0.7331730769230769 0.33413461538461536 0.03365384615384615 0.016826923076923076
1 0.7439903846153846 0.3641826923076923 0.038461538461538464 0.02403846153846154
1 0.7944711538461539 0.36778846153846156 0.016826923076923076 0.019230769230769232