1 0.8894230769230769 0.04807692307692308 0.1875 0.09134615384615384
1 0.042067307692307696 0.6983173076923077 0.07932692307692307 0.06971153846153846
1 0.6225961538461539 0.6105769230769231 0.28365384615384615 0.19230769230769232
1 0.7824519230769231 0.7776442307692307 0.04326923076923077 0.0889423076923077
1 0.6358173076923077 0.7379807692307693 0.0625 0.036057692307692304
1 0.6911057692307693 0.057692307692307696 0.0673076923076923 0.09615384615384616
1 0.43149038461538464 0.40625 0.0625 0.04807692307692308
1 0.5336538461538461 0.32211538461538464 0.0889423076923077 0.057692307692307696
1 0.6262019230769231 0.19951923076923078 0.036057692307692304 0.04326923076923077
1 0.6105769230769231 0.3713942307692308 0.04807692307692308 0.09375
1 0.6394230769230769 0.47836538461538464 0.04326923076923077 0.057692307692307696
1 0.6887019230769231 0.40865384615384615 0.052884615384615384 0.052884615384615384
1 0.6694711538461539 0.2824519230769231 0.057692307692307696 0.0673076923076923
1 0.7427884615384616 0.3329326923076923 0.04326923076923077 0.052884615384615384
1 0.8293269230769231 0.36899038461538464 0.08413461538461539 0.07211538461538461
1 0.8449519230769231 0.5492788461538461 0.09615384615384616 0.07692307692307693
1 0.9158653846153846 0.45552884615384615 0.15865384615384615 0.08413461538461539
1 0.984375 0.36658653846153844 0.021634615384615384 0.04807692307692308
1 0.8197115384615384 0.6490384615384616 0.0673076923076923 0.07211538461538461
1 0.8846153846153846 0.7067307692307693 0.04326923076923077 0.0889423076923077
1 0.9627403846153846 0.6754807692307693 0.0673076923076923 0.09615384615384616
1 0.9711538461538461 0.5420673076923077 0.04807692307692308 0.04326923076923077