1 0.6634615384615384 0.018028846153846152 0.07211538461538461 0.03365384615384615
1 0.984375 0.2644230769230769 0.028846153846153848 0.02403846153846154
1 0.7644230769230769 0.23076923076923078 0.10576923076923077 0.07211538461538461
1 0.7043269230769231 0.29447115384615385 0.016826923076923076 0.03365384615384615
1 0.7596153846153846 0.27884615384615385 0.02403846153846154 0.014423076923076924
1 0.7391826923076923 0.021634615384615384 0.02403846153846154 0.038461538461538464
1 0.8365384615384616 0.15384615384615385 0.02403846153846154 0.019230769230769232
1 0.7980769230769231 0.12139423076923077 0.03365384615384615 0.021634615384615384
1 0.7632211538461539 0.07572115384615384 0.014423076923076924 0.016826923076923076
1 0.7692307692307693 0.140625 0.019230769230769232 0.03365384615384615
1 0.7584134615384616 0.18028846153846154 0.016826923076923076 0.021634615384615384
1 0.7391826923076923 0.15504807692307693 0.019230769230769232 0.019230769230769232
1 0.7475961538461539 0.10697115384615384 0.021634615384615384 0.02403846153846154
1 0.71875 0.12620192307692307 0.016826923076923076 0.019230769230769232
1 0.6862980769230769 0.13942307692307693 0.03365384615384615 0.026442307692307692
1 0.6802884615384616 0.20793269230769232 0.038461538461538464 0.028846153846153848
1 0.6538461538461539 0.171875 0.06009615384615385 0.03365384615384615
1 0.6274038461538461 0.13822115384615385 0.009615384615384616 0.019230769230769232
1 0.6899038461538461 0.24519230769230768 0.02403846153846154 0.026442307692307692
1 0.6658653846153846 0.2668269230769231 0.016826923076923076 0.03365384615384615
1 0.6358173076923077 0.25600961538461536 0.02403846153846154 0.038461538461538464
1 0.6322115384615384 0.20552884615384615 0.019230769230769232 0.016826923076923076