0 0.9098557692307693 0.59375 0.12740384615384615 0.1346153846153846
0 0.7439903846153846 0.7572115384615384 0.17548076923076922 0.09134615384615384
0 0.7211538461538461 0.5769230769230769 0.18990384615384615 0.23076923076923078
0 0.5709134615384616 0.7079326923076923 0.07451923076923077 0.0673076923076923
0 0.43509615384615385 0.6069711538461539 0.15865384615384615 0.125
0 0.578125 0.5600961538461539 0.08653846153846154 0.09615384615384616
0 0.44711538461538464 0.44591346153846156 0.2644230769230769 0.125
0 0.25600961538461536 0.6081730769230769 0.10096153846153846 0.057692307692307696
0 0.09375 0.421875 0.10096153846153846 0.06009615384615385
0 0.390625 0.19951923076923078 0.07692307692307693 0.07692307692307693
0 0.30408653846153844 0.29447115384615385 0.0625 0.052884615384615384
0 0.15865384615384615 0.2956730769230769 0.10576923076923077 0.08413461538461539
0 0.23918269230769232 0.19230769230769232 0.0673076923076923 0.038461538461538464
0 0.12620192307692307 0.13701923076923078 0.1201923076923077 0.09375