1 0.6502403846153846 0.09375 0.0673076923076923 0.038461538461538464
1 0.2824519230769231 0.1622596153846154 0.04807692307692308 0.019230769230769232
1 0.4254807692307692 0.18269230769230768 0.11778846153846154 0.04326923076923077
1 0.4338942307692308 0.24519230769230768 0.14423076923076922 0.04326923076923077
1 0.41947115384615385 0.3125 0.10096153846153846 0.03365384615384615
1 0.484375 0.3858173076923077 0.1346153846153846 0.052884615384615384
1 0.5552884615384616 0.3293269230769231 0.12980769230769232 0.04326923076923077
1 0.6814903846153846 0.171875 0.3485576923076923 0.10576923076923077
1 0.6466346153846154 0.3713942307692308 0.125 0.03365384615384615
1 0.7512019230769231 0.35216346153846156 0.07211538461538461 0.03365384615384615
1 0.9290865384615384 0.19831730769230768 0.1201923076923077 0.08653846153846154
1 0.9026442307692307 0.26322115384615385 0.07211538461538461 0.028846153846153848
1 0.8701923076923077 0.31971153846153844 0.13942307692307693 0.05048076923076923
1 0.7980769230769231 0.25721153846153844 0.1346153846153846 0.03365384615384615
1 0.7163461538461539 0.2980769230769231 0.08653846153846154 0.038461538461538464
1 0.6346153846153846 0.25721153846153844 0.03365384615384615 0.03125
1 0.5276442307692307 0.6358173076923077 0.11298076923076923 0.03125
1 0.4855769230769231 0.7079326923076923 0.09615384615384616 0.040865384615384616
1 0.48677884615384615 0.828125 0.11538461538461539 0.026442307692307692
1 0.38461538461538464 0.7620192307692307 0.125 0.04567307692307692
1 0.5877403846153846 0.6911057692307693 0.03365384615384615 0.019230769230769232
1 0.6442307692307693 0.7139423076923077 0.038461538461538464 0.026442307692307692
1 0.5817307692307693 0.7752403846153846 0.09375 0.04567307692307692
1 0.6021634615384616 0.8269230769230769 0.057692307692307696 0.03365384615384615
1 0.71875 0.7536057692307693 0.10096153846153846 0.12980769230769232
1 0.8353365384615384 0.7355769230769231 0.09375 0.0625
1 0.9435096153846154 0.7776442307692307 0.10096153846153846 0.08653846153846154
1 0.8401442307692307 0.7992788461538461 0.0625 0.04807692307692308
1 0.7788461538461539 0.8401442307692307 0.04326923076923077 0.028846153846153848