0 0.6682692307692307 0.9375 0.14903846153846154 0.04567307692307692
0 0.6538461538461539 0.8774038461538461 0.038461538461538464 0.02403846153846154
0 0.5949519230769231 0.8149038461538461 0.055288461538461536 0.07692307692307693
0 0.5288461538461539 0.7115384615384616 0.08173076923076923 0.08653846153846154
0 0.546875 0.5108173076923077 0.040865384615384616 0.026442307692307692
0 0.43990384615384615 0.6069711538461539 0.07932692307692307 0.0985576923076923
0 0.36538461538461536 0.5985576923076923 0.040865384615384616 0.03365384615384615
0 0.4338942307692308 0.828125 0.03365384615384615 0.028846153846153848
0 0.4182692307692308 0.5108173076923077 0.057692307692307696 0.04567307692307692
0 0.039663461538461536 0.22596153846153846 0.03365384615384615 0.02403846153846154
0 0.22956730769230768 0.3798076923076923 0.038461538461538464 0.028846153846153848
0 0.18870192307692307 0.3016826923076923 0.04326923076923077 0.028846153846153848
0 0.12980769230769232 0.25721153846153844 0.0673076923076923 0.09134615384615384
0 0.15625 0.19591346153846154 0.04326923076923077 0.019230769230769232
0 0.17427884615384615 0.09615384615384616 0.04326923076923077 0.019230769230769232
0 0.22956730769230768 0.0673076923076923 0.07211538461538461 0.026442307692307692
0 0.23918269230769232 0.11057692307692307 0.04807692307692308 0.04567307692307692
0 0.37259615384615385 0.41346153846153844 0.14423076923076922 0.08653846153846154
0 0.35336538461538464 0.34975961538461536 0.057692307692307696 0.03365384615384615
0 0.4567307692307692 0.2980769230769231 0.03365384615384615 0.019230769230769232
0 0.3918269230769231 0.3137019230769231 0.040865384615384616 0.02403846153846154
0 0.31850961538461536 0.28846153846153844 0.07692307692307693 0.06971153846153846
0 0.39663461538461536 0.21634615384615385 0.10817307692307693 0.06009615384615385
0 0.5048076923076923 0.11538461538461539 0.17307692307692307 0.125
0 0.6153846153846154 0.09014423076923077 0.038461538461538464 0.028846153846153848
0 0.39903846153846156 0.10576923076923077 0.03365384615384615 0.028846153846153848
0 0.3245192307692308 0.11778846153846154 0.03365384615384615 0.028846153846153848
0 0.3449519230769231 0.06850961538461539 0.06490384615384616 0.038461538461538464