0 0.2536057692307692 0.9254807692307693 0.1201923076923077 0.11057692307692307
0 0.3449519230769231 0.8617788461538461 0.03365384615384615 0.03365384615384615
0 0.40865384615384615 0.9507211538461539 0.03365384615384615 0.03365384615384615
0 0.40384615384615385 0.8882211538461539 0.055288461538461536 0.07451923076923077
0 0.49759615384615385 0.9242788461538461 0.1201923076923077 0.09615384615384616
0 0.5120192307692307 0.8485576923076923 0.04567307692307692 0.04807692307692308
0 0.5853365384615384 0.9038461538461539 0.028846153846153848 0.03125
0 0.6622596153846154 0.9879807692307693 0.03365384615384615 0.021634615384615384
0 0.7043269230769231 0.9242788461538461 0.038461538461538464 0.06490384615384616
0 0.8149038461538461 0.9206730769230769 0.038461538461538464 0.10096153846153846
0 0.7572115384615384 0.8737980769230769 0.052884615384615384 0.04807692307692308
0 0.890625 0.9783653846153846 0.09134615384615384 0.036057692307692304
0 0.9338942307692307 0.8689903846153846 0.12980769230769232 0.12259615384615384
0 0.7043269230769231 0.8617788461538461 0.052884615384615384 0.038461538461538464
0 0.6334134615384616 0.8810096153846154 0.04807692307692308 0.06009615384615385
0 0.7127403846153846 0.7956730769230769 0.18990384615384615 0.07451923076923077
0 0.7043269230769231 0.6875 0.17307692307692307 0.1346153846153846
0 0.06370192307692307 0.07211538461538461 0.028846153846153848 0.03125
0 0.125 0.015625 0.04326923076923077 0.028846153846153848
0 0.09254807692307693 0.15504807692307693 0.026442307692307692 0.036057692307692304
0 0.13341346153846154 0.19230769230769232 0.028846153846153848 0.036057692307692304
0 0.1466346153846154 0.10216346153846154 0.028846153846153848 0.028846153846153848
0 0.1935096153846154 0.08413461538461539 0.03365384615384615 0.03365384615384615
0 0.23798076923076922 0.09014423076923077 0.028846153846153848 0.038461538461538464
0 0.4495192307692308 0.021634615384615384 0.06490384615384616 0.038461538461538464
0 0.6346153846153846 0.08173076923076923 0.0625 0.038461538461538464
0 0.7776442307692307 0.13221153846153846 0.06490384615384616 0.04807692307692308
0 0.18389423076923078 0.20072115384615385 0.04326923076923077 0.057692307692307696
0 0.24879807692307693 0.16346153846153846 0.040865384615384616 0.08653846153846154
0 0.32572115384615385 0.19471153846153846 0.07692307692307693 0.15384615384615385
0 0.32572115384615385 0.33533653846153844 0.038461538461538464 0.04807692307692308
0 0.43990384615384615 0.30288461538461536 0.03125 0.03365384615384615
0 0.3942307692307692 0.1622596153846154 0.04807692307692308 0.10576923076923077
0 0.4795673076923077 0.18389423076923078 0.0889423076923077 0.11057692307692307
0 0.5408653846153846 0.28725961538461536 0.04326923076923077 0.036057692307692304
0 0.5625 0.3713942307692308 0.057692307692307696 0.06490384615384616
0 0.6670673076923077 0.36177884615384615 0.11538461538461539 0.1658653846153846
0 0.6658653846153846 0.5649038461538461 0.14903846153846154 0.07692307692307693
0 0.6646634615384616 0.4891826923076923 0.0985576923076923 0.06971153846153846
0 0.7620192307692307 0.4795673076923077 0.038461538461538464 0.0625
0 0.7247596153846154 0.23076923076923078 0.036057692307692304 0.04807692307692308
0 0.7764423076923077 0.28725961538461536 0.057692307692307696 0.15865384615384615
0 0.8701923076923077 0.15985576923076922 0.08413461538461539 0.06009615384615385
0 0.8966346153846154 0.32091346153846156 0.17307692307692307 0.24519230769230768
0 0.890625 0.5540865384615384 0.17307692307692307 0.21634615384615385
0 0.828125 0.6959134615384616 0.057692307692307696 0.04807692307692308
0 0.390625 0.5324519230769231 0.040865384615384616 0.04326923076923077
0 0.47716346153846156 0.7896634615384616 0.27403846153846156 0.06009615384615385
0 0.2824519230769231 0.734375 0.10096153846153846 0.19230769230769232
0 0.17548076923076922 0.7860576923076923 0.07932692307692307 0.057692307692307696
0 0.11057692307692307 0.7307692307692307 0.052884615384615384 0.0889423076923077
0 0.052884615384615384 0.4723557692307692 0.10576923076923077 0.4230769230769231
0 0.23918269230769232 0.5204326923076923 0.10576923076923077 0.22115384615384615
0 0.38341346153846156 0.671875 0.0889423076923077 0.16826923076923078
0 0.5228365384615384 0.6802884615384616 0.18269230769230768 0.14903846153846154
0 0.7740384615384616 0.5769230769230769 0.052884615384615384 0.07211538461538461
0 0.3389423076923077 0.014423076923076924 0.04807692307692308 0.026442307692307692
0 0.20192307692307693 0.6838942307692307 0.05048076923076923 0.07692307692307693
0 0.14423076923076922 0.6334134615384616 0.06009615384615385 0.08653846153846154
0 0.14423076923076922 0.5420673076923077 0.07692307692307693 0.04807692307692308
0 0.14423076923076922 0.41225961538461536 0.07692307692307693 0.13942307692307693
0 0.8329326923076923 0.7920673076923077 0.02403846153846154 0.03365384615384615