0 0.7055288461538461 0.96875 0.026442307692307692 0.03365384615384615
0 0.3329326923076923 0.9735576923076923 0.021634615384615384 0.038461538461538464
0 0.359375 0.8040865384615384 0.11298076923076923 0.20673076923076922
0 0.40865384615384615 0.43509615384615385 0.07451923076923077 0.12980769230769232
0 0.46274038461538464 0.7992788461538461 0.08173076923076923 0.1971153846153846
0 0.4182692307692308 0.6610576923076923 0.09615384615384616 0.06971153846153846
0 0.5709134615384616 0.8545673076923077 0.125 0.07692307692307693
0 0.5685096153846154 0.7548076923076923 0.1201923076923077 0.11538461538461539
0 0.5625 0.6177884615384616 0.10576923076923077 0.15144230769230768
0 0.453125 0.5504807692307693 0.10096153846153846 0.08173076923076923
0 0.27403846153846156 0.6622596153846154 0.052884615384615384 0.08173076923076923
0 0.2824519230769231 0.5985576923076923 0.08653846153846154 0.038461538461538464
0 0.24639423076923078 0.5180288461538461 0.12740384615384615 0.11538461538461539
0 0.25961538461538464 0.4098557692307692 0.21634615384615385 0.08413461538461539
0 0.2860576923076923 0.3233173076923077 0.13701923076923078 0.08173076923076923
0 0.5300480769230769 0.2127403846153846 0.33413461538461536 0.2932692307692308
0 0.59375 0.4495192307692308 0.08173076923076923 0.17307692307692307
0 0.5 0.4230769230769231 0.10096153846153846 0.11778846153846154