0 0.9375 0.6682692307692307 0.04567307692307692 0.14903846153846154
0 0.8774038461538461 0.6538461538461539 0.02403846153846154 0.038461538461538464
0 0.8149038461538461 0.5949519230769231 0.07692307692307693 0.055288461538461536
0 0.7115384615384616 0.5288461538461539 0.08653846153846154 0.08173076923076923
0 0.5108173076923077 0.546875 0.026442307692307692 0.040865384615384616
0 0.6069711538461539 0.43990384615384615 0.0985576923076923 0.07932692307692307
0 0.5985576923076923 0.36538461538461536 0.03365384615384615 0.040865384615384616
0 0.828125 0.4338942307692308 0.028846153846153848 0.03365384615384615
0 0.5108173076923077 0.4182692307692308 0.04567307692307692 0.057692307692307696
0 0.22596153846153846 0.039663461538461536 0.02403846153846154 0.03365384615384615
0 0.3798076923076923 0.22956730769230768 0.028846153846153848 0.038461538461538464
0 0.3016826923076923 0.18870192307692307 0.026442307692307692 0.04326923076923077
0 0.25721153846153844 0.12980769230769232 0.09134615384615384 0.0673076923076923
0 0.19591346153846154 0.15625 0.019230769230769232 0.04326923076923077
0 0.09615384615384616 0.17427884615384615 0.019230769230769232 0.04326923076923077
0 0.0673076923076923 0.22956730769230768 0.026442307692307692 0.07211538461538461
0 0.11057692307692307 0.23918269230769232 0.04567307692307692 0.04807692307692308
0 0.41346153846153844 0.37259615384615385 0.08653846153846154 0.14423076923076922
0 0.34975961538461536 0.35336538461538464 0.03365384615384615 0.057692307692307696
0 0.2980769230769231 0.4567307692307692 0.019230769230769232 0.03365384615384615
0 0.3137019230769231 0.3918269230769231 0.02403846153846154 0.040865384615384616
0 0.28846153846153844 0.31850961538461536 0.06971153846153846 0.07692307692307693
0 0.21634615384615385 0.39663461538461536 0.06009615384615385 0.10817307692307693
0 0.11538461538461539 0.5048076923076923 0.125 0.17307692307692307
0 0.09014423076923077 0.6153846153846154 0.028846153846153848 0.038461538461538464
0 0.10576923076923077 0.39903846153846156 0.028846153846153848 0.03365384615384615
0 0.11778846153846154 0.3245192307692308 0.028846153846153848 0.03365384615384615
0 0.06850961538461539 0.3449519230769231 0.040865384615384616 0.06490384615384616