0 0.3317307692307692 0.0625 0.14903846153846154 0.04567307692307692
0 0.34615384615384615 0.12259615384615384 0.038461538461538464 0.02403846153846154
0 0.4050480769230769 0.18509615384615385 0.055288461538461536 0.07692307692307693
0 0.47115384615384615 0.28846153846153844 0.08173076923076923 0.08653846153846154
0 0.453125 0.4891826923076923 0.040865384615384616 0.026442307692307692
0 0.5600961538461539 0.39302884615384615 0.07932692307692307 0.0985576923076923
0 0.6346153846153846 0.4014423076923077 0.040865384615384616 0.03365384615384615
0 0.5661057692307693 0.171875 0.03365384615384615 0.028846153846153848
0 0.5817307692307693 0.4891826923076923 0.057692307692307696 0.04567307692307692
0 0.9603365384615384 0.7740384615384616 0.03365384615384615 0.02403846153846154
0 0.7704326923076923 0.6201923076923077 0.038461538461538464 0.028846153846153848
0 0.8112980769230769 0.6983173076923077 0.04326923076923077 0.028846153846153848
0 0.8701923076923077 0.7427884615384616 0.0673076923076923 0.09134615384615384
0 0.84375 0.8040865384615384 0.04326923076923077 0.019230769230769232
0 0.8257211538461539 0.9038461538461539 0.04326923076923077 0.019230769230769232
0 0.7704326923076923 0.9326923076923077 0.07211538461538461 0.026442307692307692
0 0.7608173076923077 0.8894230769230769 0.04807692307692308 0.04567307692307692
0 0.6274038461538461 0.5865384615384616 0.14423076923076922 0.08653846153846154
0 0.6466346153846154 0.6502403846153846 0.057692307692307696 0.03365384615384615
0 0.5432692307692307 0.7019230769230769 0.03365384615384615 0.019230769230769232
0 0.6081730769230769 0.6862980769230769 0.040865384615384616 0.02403846153846154
0 0.6814903846153846 0.7115384615384616 0.07692307692307693 0.06971153846153846
0 0.6033653846153846 0.7836538461538461 0.10817307692307693 0.06009615384615385
0 0.4951923076923077 0.8846153846153846 0.17307692307692307 0.125
0 0.38461538461538464 0.9098557692307693 0.038461538461538464 0.026442307692307692
0 0.6009615384615384 0.8942307692307693 0.03365384615384615 0.028846153846153848
0 0.6754807692307693 0.8822115384615384 0.03365384615384615 0.028846153846153848
0 0.6550480769230769 0.9314903846153846 0.06490384615384616 0.040865384615384616