0 0.08533653846153846 0.44471153846153844 0.04326923076923077 0.04326923076923077
0 0.11778846153846154 0.5637019230769231 0.0673076923076923 0.10096153846153846
0 0.15745192307692307 0.4110576923076923 0.04326923076923077 0.0625
0 0.22355769230769232 0.3701923076923077 0.04807692307692308 0.07211538461538461
0 0.35336538461538464 0.13221153846153846 0.03365384615384615 0.040865384615384616
0 0.2536057692307692 0.5733173076923077 0.1201923076923077 0.08653846153846154
0 0.4266826923076923 0.6009615384615384 0.038461538461538464 0.057692307692307696
0 0.3798076923076923 0.5408653846153846 0.04567307692307692 0.06009615384615385
0 0.33413461538461536 0.4375 0.04326923076923077 0.0625
0 0.36658653846153844 0.3449519230769231 0.04326923076923077 0.04326923076923077
0 0.27283653846153844 0.8257211538461539 0.03365384615384615 0.09134615384615384
0 0.35336538461538464 0.8713942307692307 0.05048076923076923 0.052884615384615384
0 0.39302884615384615 0.796875 0.07692307692307693 0.08173076923076923
0 0.4987980769230769 0.421875 0.03365384615384615 0.038461538461538464
0 0.9122596153846154 0.5504807692307693 0.04326923076923077 0.055288461538461536
0 0.8377403846153846 0.6009615384615384 0.057692307692307696 0.04807692307692308
0 0.7764423076923077 0.8461538461538461 0.0625 0.07211538461538461
0 0.9242788461538461 0.3798076923076923 0.0625 0.13942307692307693
0 0.8485576923076923 0.31490384615384615 0.04567307692307692 0.05048076923076923
0 0.6742788461538461 0.06610576923076923 0.08173076923076923 0.07692307692307693
0 0.6670673076923077 0.41466346153846156 0.2644230769230769 0.2548076923076923
0 0.8365384615384616 0.44350961538461536 0.04326923076923077 0.04807692307692308