0 0.03125 0.29447115384615385 0.03365384615384615 0.026442307692307692
0 0.026442307692307692 0.6670673076923077 0.038461538461538464 0.021634615384615384
0 0.19591346153846154 0.640625 0.20673076923076922 0.11298076923076923
0 0.5649038461538461 0.5913461538461539 0.12980769230769232 0.07451923076923077
0 0.20072115384615385 0.5372596153846154 0.1971153846153846 0.08173076923076923
0 0.3389423076923077 0.5817307692307693 0.06971153846153846 0.09615384615384616
0 0.14543269230769232 0.42908653846153844 0.07692307692307693 0.125
0 0.24519230769230768 0.43149038461538464 0.11538461538461539 0.1201923076923077
0 0.38221153846153844 0.4375 0.15144230769230768 0.10576923076923077
0 0.4495192307692308 0.546875 0.08173076923076923 0.10096153846153846
0 0.33774038461538464 0.7259615384615384 0.08173076923076923 0.052884615384615384
0 0.4014423076923077 0.7175480769230769 0.038461538461538464 0.08653846153846154
0 0.48197115384615385 0.7536057692307693 0.11538461538461539 0.12740384615384615
0 0.5901442307692307 0.7403846153846154 0.08413461538461539 0.21634615384615385
0 0.6766826923076923 0.7139423076923077 0.08173076923076923 0.13701923076923078
0 0.7872596153846154 0.4699519230769231 0.2932692307692308 0.33413461538461536
0 0.5504807692307693 0.40625 0.17307692307692307 0.08173076923076923
0 0.5769230769230769 0.5 0.11778846153846154 0.10096153846153846