1 0.20432692307692307 0.9050480769230769 0.05048076923076923 0.04326923076923077
1 0.4543269230769231 0.8004807692307693 0.0625 0.052884615384615384
1 0.5625 0.7584134615384616 0.0673076923076923 0.04807692307692308
1 0.7680288461538461 0.7728365384615384 0.0625 0.055288461538461536
1 0.8677884615384616 0.5384615384615384 0.07211538461538461 0.04807692307692308
1 0.10096153846153846 0.6081730769230769 0.057692307692307696 0.026442307692307692
1 0.109375 0.46153846153846156 0.03365384615384615 0.038461538461538464
1 0.17307692307692307 0.5528846153846154 0.04807692307692308 0.038461538461538464
1 0.25 0.5420673076923077 0.05048076923076923 0.04807692307692308
1 0.21153846153846154 0.46033653846153844 0.0673076923076923 0.052884615384615384
1 0.15264423076923078 0.265625 0.040865384615384616 0.03365384615384615
1 0.15985576923076922 0.13221153846153846 0.04807692307692308 0.03125
1 0.24639423076923078 0.25841346153846156 0.07451923076923077 0.04807692307692308
1 0.36177884615384615 0.24879807692307693 0.06971153846153846 0.04326923076923077
1 0.2764423076923077 0.3233173076923077 0.057692307692307696 0.038461538461538464
1 0.32572115384615385 0.3557692307692308 0.03365384615384615 0.03365384615384615
1 0.3858173076923077 0.33653846153846156 0.05048076923076923 0.038461538461538464
1 0.453125 0.3329326923076923 0.04807692307692308 0.03365384615384615
1 0.6286057692307693 0.23798076923076922 0.04567307692307692 0.038461538461538464
1 0.5649038461538461 0.3233173076923077 0.040865384615384616 0.03365384615384615
1 0.6334134615384616 0.34375 0.052884615384615384 0.028846153846153848
1 0.7512019230769231 0.5084134615384616 0.057692307692307696 0.038461538461538464
1 0.7151442307692307 0.3245192307692308 0.04807692307692308 0.03365384615384615
1 0.734375 0.39302884615384615 0.057692307692307696 0.0625
1 0.5456730769230769 0.4050480769230769 0.0889423076923077 0.07451923076923077
1 0.6418269230769231 0.4362980769230769 0.09615384615384616 0.057692307692307696
1 0.47475961538461536 0.5240384615384616 0.057692307692307696 0.04326923076923077
1 0.5673076923076923 0.5528846153846154 0.040865384615384616 0.040865384615384616
1 0.546875 0.4831730769230769 0.07211538461538461 0.057692307692307696
1 0.6286057692307693 0.5060096153846154 0.07692307692307693 0.07211538461538461