1 0.09495192307692307 0.7956730769230769 0.04326923076923077 0.05048076923076923
1 0.19951923076923078 0.5456730769230769 0.052884615384615384 0.06490384615384616
1 0.24158653846153846 0.4375 0.04807692307692308 0.0673076923076923
1 0.22716346153846154 0.23197115384615385 0.055288461538461536 0.0625
1 0.46153846153846156 0.13221153846153846 0.04807692307692308 0.07211538461538461
1 0.3918269230769231 0.8990384615384616 0.026442307692307692 0.057692307692307696
1 0.5384615384615384 0.890625 0.038461538461538464 0.03365384615384615
1 0.44711538461538464 0.8269230769230769 0.038461538461538464 0.04807692307692308
1 0.4579326923076923 0.75 0.04807692307692308 0.05048076923076923
1 0.5396634615384616 0.7884615384615384 0.052884615384615384 0.0673076923076923
1 0.734375 0.8473557692307693 0.03365384615384615 0.040865384615384616
1 0.8677884615384616 0.8401442307692307 0.03125 0.04807692307692308
1 0.7415865384615384 0.7536057692307693 0.04807692307692308 0.07451923076923077
1 0.7512019230769231 0.6382211538461539 0.04326923076923077 0.06971153846153846
1 0.6766826923076923 0.7235576923076923 0.038461538461538464 0.057692307692307696
1 0.6442307692307693 0.6742788461538461 0.03365384615384615 0.03365384615384615
1 0.6634615384615384 0.6141826923076923 0.038461538461538464 0.05048076923076923
1 0.6670673076923077 0.546875 0.03365384615384615 0.04807692307692308
1 0.7620192307692307 0.3713942307692308 0.038461538461538464 0.04567307692307692
1 0.6766826923076923 0.43509615384615385 0.03365384615384615 0.040865384615384616
1 0.65625 0.36658653846153844 0.028846153846153848 0.052884615384615384
1 0.49158653846153844 0.24879807692307693 0.040865384615384616 0.057692307692307696
1 0.6754807692307693 0.2848557692307692 0.03365384615384615 0.04807692307692308
1 0.6069711538461539 0.265625 0.0625 0.057692307692307696
1 0.5949519230769231 0.4543269230769231 0.07451923076923077 0.0889423076923077
1 0.5637019230769231 0.3581730769230769 0.057692307692307696 0.09615384615384616
1 0.47596153846153844 0.5252403846153846 0.04326923076923077 0.057692307692307696
1 0.44711538461538464 0.4326923076923077 0.040865384615384616 0.040865384615384616
1 0.5168269230769231 0.453125 0.057692307692307696 0.07211538461538461
1 0.49399038461538464 0.3713942307692308 0.07211538461538461 0.07692307692307693