1 0.6995192307692307 0.013221153846153846 0.03365384615384615 0.02403846153846154
1 0.6394230769230769 0.04567307692307692 0.057692307692307696 0.057692307692307696
1 0.7067307692307693 0.09615384615384616 0.026442307692307692 0.02403846153846154
1 0.5961538461538461 0.11658653846153846 0.040865384615384616 0.028846153846153848
1 0.5072115384615384 0.06370192307692307 0.04326923076923077 0.028846153846153848
1 0.7115384615384616 0.21875 0.02403846153846154 0.02403846153846154
1 0.7175480769230769 0.30408653846153844 0.028846153846153848 0.026442307692307692
1 0.703125 0.43028846153846156 0.028846153846153848 0.038461538461538464
1 0.7247596153846154 0.5949519230769231 0.04807692307692308 0.03125
1 0.6346153846153846 0.5625 0.06009615384615385 0.038461538461538464
1 0.3245192307692308 0.08173076923076923 0.028846153846153848 0.03125
1 0.3786057692307692 0.15264423076923078 0.052884615384615384 0.03365384615384615
1 0.265625 0.13581730769230768 0.028846153846153848 0.028846153846153848
1 0.265625 0.19230769230769232 0.03365384615384615 0.03365384615384615
1 0.27524038461538464 0.2800480769230769 0.040865384615384616 0.07692307692307693
1 0.3641826923076923 0.23677884615384615 0.08173076923076923 0.04326923076923077
1 0.5096153846153846 0.3329326923076923 0.04326923076923077 0.036057692307692304
1 0.49759615384615385 0.4182692307692308 0.038461538461538464 0.03365384615384615
1 0.4206730769230769 0.3713942307692308 0.03365384615384615 0.038461538461538464
1 0.36899038461538464 0.38100961538461536 0.028846153846153848 0.038461538461538464
1 0.25721153846153844 0.4230769230769231 0.019230769230769232 0.03365384615384615
1 0.32091346153846156 0.44350961538461536 0.04807692307692308 0.04326923076923077
1 0.2932692307692308 0.3762019230769231 0.0625 0.052884615384615384
1 0.7067307692307693 0.6875 0.04326923076923077 0.028846153846153848
1 0.5973557692307693 0.703125 0.04807692307692308 0.03365384615384615
1 0.40865384615384615 0.6478365384615384 0.036057692307692304 0.03365384615384615
1 0.7199519230769231 0.8016826923076923 0.09134615384615384 0.057692307692307696
1 0.37259615384615385 0.6057692307692307 0.038461538461538464 0.02403846153846154
1 0.27884615384615385 0.5709134615384616 0.09615384615384616 0.08653846153846154
1 0.32211538461538464 0.6490384615384616 0.07451923076923077 0.04326923076923077
1 0.27283653846153844 0.7451923076923077 0.038461538461538464 0.03125
1 0.7115384615384616 0.9206730769230769 0.06009615384615385 0.04326923076923077
1 0.6911057692307693 0.8581730769230769 0.040865384615384616 0.028846153846153848
1 0.6141826923076923 0.890625 0.04326923076923077 0.0673076923076923
1 0.625 0.9699519230769231 0.036057692307692304 0.019230769230769232
1 0.5336538461538461 0.9110576923076923 0.05048076923076923 0.038461538461538464
1 0.4495192307692308 0.8701923076923077 0.04807692307692308 0.057692307692307696
1 0.3581730769230769 0.7932692307692307 0.036057692307692304 0.03365384615384615
1 0.27403846153846156 0.859375 0.07211538461538461 0.0673076923076923
1 0.3942307692307692 0.8497596153846154 0.040865384615384616 0.036057692307692304
1 0.43149038461538464 0.9182692307692307 0.07211538461538461 0.03125
1 0.34975961538461536 0.9627403846153846 0.07451923076923077 0.0673076923076923