0 0.9579326923076923 0.4050480769230769 0.052884615384615384 0.0673076923076923
0 0.6850961538461539 0.3737980769230769 0.17307692307692307 0.1201923076923077
0 0.7103365384615384 0.20673076923076922 0.0625 0.052884615384615384
0 0.5805288461538461 0.12860576923076922 0.07211538461538461 0.052884615384615384
0 0.3798076923076923 0.28365384615384615 0.09615384615384616 0.10336538461538461
0 0.9831730769230769 0.6129807692307693 0.028846153846153848 0.052884615384615384
0 0.9831730769230769 0.7295673076923077 0.028846153846153848 0.06009615384615385
0 0.9711538461538461 0.8173076923076923 0.05048076923076923 0.04807692307692308
0 0.9134615384615384 0.7091346153846154 0.0673076923076923 0.14903846153846154
0 0.7079326923076923 0.6526442307692307 0.14423076923076922 0.13942307692307693
0 0.546875 0.5949519230769231 0.09615384615384616 0.07692307692307693
0 0.5733173076923077 0.7115384615384616 0.07211538461538461 0.0625
0 0.46875 0.8245192307692307 0.07211538461538461 0.052884615384615384
0 0.46153846153846156 0.7367788461538461 0.05048076923076923 0.07211538461538461
0 0.42427884615384615 0.6574519230769231 0.06971153846153846 0.0673076923076923
0 0.35336538461538464 0.7451923076923077 0.07211538461538461 0.10817307692307693
0 0.2932692307692308 0.8533653846153846 0.08653846153846154 0.057692307692307696
0 0.23918269230769232 0.7451923076923077 0.10817307692307693 0.08653846153846154
0 0.20673076923076922 0.17548076923076922 0.1658653846153846 0.0625
0 0.0889423076923077 0.25721153846153844 0.10096153846153846 0.07211538461538461
0 0.0829326923076923 0.8197115384615384 0.11057692307692307 0.08173076923076923
0 0.21394230769230768 0.30408653846153844 0.07211538461538461 0.08173076923076923