0 0.6370192307692307 0.7163461538461539 0.038461538461538464 0.04326923076923077
0 0.5769230769230769 0.7355769230769231 0.03365384615384615 0.04326923076923077
0 0.49278846153846156 0.7403846153846154 0.052884615384615384 0.0625
0 0.2776442307692308 0.6346153846153846 0.038461538461538464 0.0625
0 0.28725961538461536 0.7223557692307693 0.04326923076923077 0.055288461538461536
0 0.23197115384615385 0.7247596153846154 0.036057692307692304 0.08173076923076923
0 0.6141826923076923 0.5276442307692307 0.057692307692307696 0.06971153846153846
0 0.5709134615384616 0.45552884615384615 0.0625 0.04326923076923077
0 0.6598557692307693 0.40384615384615385 0.04326923076923077 0.07211538461538461
0 0.8112980769230769 0.2644230769230769 0.057692307692307696 0.08173076923076923
0 0.734375 0.30288461538461536 0.03365384615384615 0.06971153846153846
0 0.6454326923076923 0.2403846153846154 0.1346153846153846 0.1201923076923077
0 0.5072115384615384 0.20793269230769232 0.07692307692307693 0.09134615384615384
0 0.4098557692307692 0.27163461538461536 0.04807692307692308 0.07211538461538461
0 0.3557692307692308 0.23197115384615385 0.04326923076923077 0.125
0 0.4182692307692308 0.18028846153846154 0.036057692307692304 0.04326923076923077
0 0.8269230769230769 0.43149038461538464 0.0625 0.1658653846153846
0 0.7043269230769231 0.6490384615384616 0.08653846153846154 0.06971153846153846