0 0.4182692307692308 0.1778846153846154 0.07692307692307693 0.04807692307692308
0 0.6670673076923077 0.33774038461538464 0.055288461538461536 0.04326923076923077
0 0.4543269230769231 0.29447115384615385 0.09134615384615384 0.04807692307692308
0 0.5649038461538461 0.41466346153846156 0.0673076923076923 0.040865384615384616
0 0.7620192307692307 0.32211538461538464 0.055288461538461536 0.04326923076923077
0 0.21033653846153846 0.21754807692307693 0.04807692307692308 0.05048076923076923
0 0.18870192307692307 0.4098557692307692 0.06009615384615385 0.03125
0 0.23557692307692307 0.4639423076923077 0.06009615384615385 0.03125
0 0.5336538461538461 0.6923076923076923 0.07692307692307693 0.0673076923076923
0 0.375 0.6778846153846154 0.12980769230769232 0.05048076923076923
0 0.39663461538461536 0.5492788461538461 0.11057692307692307 0.13221153846153846