0 0.8665865384615384 0.8822115384615384 0.057692307692307696 0.052884615384615384
0 0.8966346153846154 0.8149038461538461 0.052884615384615384 0.040865384615384616
0 0.7439903846153846 0.8353365384615384 0.07211538461538461 0.040865384615384616
0 0.8209134615384616 0.7800480769230769 0.04567307692307692 0.04567307692307692
0 0.7139423076923077 0.6069711538461539 0.07692307692307693 0.04567307692307692
0 0.6334134615384616 0.7391826923076923 0.07211538461538461 0.052884615384615384
0 0.7271634615384616 0.7055288461538461 0.052884615384615384 0.052884615384615384
0 0.5649038461538461 0.6322115384615384 0.12980769230769232 0.10336538461538461
0 0.5060096153846154 0.765625 0.06490384615384616 0.11538461538461539
0 0.30528846153846156 0.7824519230769231 0.10336538461538461 0.09134615384615384
0 0.29927884615384615 0.6586538461538461 0.14423076923076922 0.11538461538461539
0 0.42908653846153844 0.6790865384615384 0.06490384615384616 0.17307692307692307
0 0.7632211538461539 0.5516826923076923 0.04567307692307692 0.03365384615384615
0 0.8413461538461539 0.17067307692307693 0.09615384615384616 0.1201923076923077
0 0.828125 0.3125 0.04567307692307692 0.057692307692307696
0 0.7560096153846154 0.2860576923076923 0.03365384615384615 0.04567307692307692
0 0.6682692307692307 0.1814903846153846 0.15625 0.07451923076923077
0 0.6201923076923077 0.3269230769230769 0.17548076923076922 0.0625
0 0.6334134615384616 0.2608173076923077 0.08413461538461539 0.04567307692307692
0 0.5168269230769231 0.2548076923076923 0.07211538461538461 0.04807692307692308
0 0.5360576923076923 0.16105769230769232 0.04567307692307692 0.08173076923076923
0 0.4543269230769231 0.1814903846153846 0.07692307692307693 0.057692307692307696
0 0.3245192307692308 0.19951923076923078 0.10336538461538461 0.07692307692307693
0 0.23076923076923078 0.2860576923076923 0.08413461538461539 0.10336538461538461
0 0.39302884615384615 0.3004807692307692 0.16346153846153846 0.10576923076923077