0 0.1778846153846154 0.5817307692307693 0.04807692307692308 0.07692307692307693
0 0.33774038461538464 0.3329326923076923 0.04326923076923077 0.055288461538461536
0 0.29447115384615385 0.5456730769230769 0.04807692307692308 0.09134615384615384
0 0.41466346153846156 0.43509615384615385 0.040865384615384616 0.0673076923076923
0 0.32211538461538464 0.23798076923076922 0.04326923076923077 0.055288461538461536
0 0.21754807692307693 0.7896634615384616 0.05048076923076923 0.04807692307692308
0 0.4098557692307692 0.8112980769230769 0.03125 0.06009615384615385
0 0.4639423076923077 0.7644230769230769 0.03125 0.06009615384615385
0 0.6923076923076923 0.46634615384615385 0.0673076923076923 0.07692307692307693
0 0.6778846153846154 0.625 0.05048076923076923 0.12980769230769232
0 0.5492788461538461 0.6033653846153846 0.13221153846153846 0.11057692307692307