0 0.5697115384615384 0.8149038461538461 0.125 0.12740384615384615
0 0.4483173076923077 0.28966346153846156 0.07211538461538461 0.057692307692307696
0 0.36778846153846156 0.45552884615384615 0.09615384615384616 0.08173076923076923
0 0.5048076923076923 0.53125 0.10817307692307693 0.09615384615384616
0 0.43509615384615385 0.37259615384615385 0.10096153846153846 0.057692307692307696
0 0.8137019230769231 0.9074519230769231 0.052884615384615384 0.04326923076923077
0 0.8245192307692307 0.7512019230769231 0.04807692307692308 0.05048076923076923
0 0.6358173076923077 0.14302884615384615 0.08653846153846154 0.08173076923076923
0 0.8810096153846154 0.8725961538461539 0.04807692307692308 0.05048076923076923
0 0.6538461538461539 0.6466346153846154 0.04326923076923077 0.06971153846153846
0 0.5889423076923077 0.6850961538461539 0.052884615384615384 0.06971153846153846
0 0.5516826923076923 0.28966346153846156 0.06490384615384616 0.06971153846153846