0 0.32211538461538464 0.34134615384615385 0.1778846153846154 0.07932692307692307
0 0.33653846153846156 0.44471153846153844 0.10576923076923077 0.08413461538461539
0 0.4543269230769231 0.5612980769230769 0.1875 0.09615384615384616
0 0.6802884615384616 0.4639423076923077 0.12259615384615384 0.14423076923076922
0 0.4735576923076923 0.4338942307692308 0.1346153846153846 0.09615384615384616
0 0.21875 0.4338942307692308 0.10096153846153846 0.07451923076923077
0 0.20072115384615385 0.5697115384615384 0.07211538461538461 0.0673076923076923
0 0.3112980769230769 0.5877403846153846 0.09134615384615384 0.10576923076923077
0 0.3401442307692308 0.6947115384615384 0.10576923076923077 0.0625
0 0.19230769230769232 0.6742788461538461 0.12980769230769232 0.08413461538461539
0 0.11658653846153846 0.4110576923076923 0.052884615384615384 0.11538461538461539
0 0.10216346153846154 0.6009615384615384 0.02403846153846154 0.0625
0 0.46153846153846156 0.6730769230769231 0.10096153846153846 0.10336538461538461
0 0.59375 0.32572115384615385 0.057692307692307696 0.038461538461538464
0 0.6045673076923077 0.5649038461538461 0.06971153846153846 0.038461538461538464
0 0.26802884615384615 0.5084134615384616 0.09375 0.038461538461538464