1 0.16947115384615385 0.3786057692307692 0.03365384615384615 0.04807692307692308
1 0.21875 0.27163461538461536 0.03365384615384615 0.0673076923076923
1 0.078125 0.5817307692307693 0.038461538461538464 0.04807692307692308
1 0.43149038461538464 0.34975961538461536 0.03365384615384615 0.0625
1 0.6586538461538461 0.453125 0.036057692307692304 0.038461538461538464
1 0.8269230769230769 0.27163461538461536 0.057692307692307696 0.057692307692307696
1 0.5132211538461539 0.6346153846153846 0.038461538461538464 0.057692307692307696
1 0.7512019230769231 0.7788461538461539 0.052884615384615384 0.03365384615384615
1 0.6490384615384616 0.7391826923076923 0.036057692307692304 0.052884615384615384
1 0.5769230769230769 0.71875 0.036057692307692304 0.04807692307692308
1 0.5084134615384616 0.71875 0.028846153846153848 0.038461538461538464
1 0.49158653846153844 0.7836538461538461 0.04326923076923077 0.04326923076923077
1 0.2403846153846154 0.0733173076923077 0.036057692307692304 0.04807692307692308