0 0.9447115384615384 0.6165865384615384 0.06009615384615385 0.038461538461538464
0 0.9050480769230769 0.7247596153846154 0.07692307692307693 0.052884615384615384
0 0.7043269230769231 0.5961538461538461 0.055288461538461536 0.04326923076923077
0 0.5913461538461539 0.6225961538461539 0.04326923076923077 0.04807692307692308
0 0.48677884615384615 0.6358173076923077 0.0673076923076923 0.036057692307692304
0 0.4338942307692308 0.453125 0.04326923076923077 0.04326923076923077
0 0.38100961538461536 0.5096153846153846 0.038461538461538464 0.06971153846153846
0 0.3605769230769231 0.390625 0.04807692307692308 0.052884615384615384
0 0.18389423076923078 0.40024038461538464 0.04326923076923077 0.04326923076923077
0 0.2091346153846154 0.32572115384615385 0.10096153846153846 0.07211538461538461
0 0.11177884615384616 0.3858173076923077 0.05048076923076923 0.04807692307692308