0 0.055288461538461536 0.38341346153846156 0.06009615384615385 0.038461538461538464
0 0.09495192307692307 0.27524038461538464 0.07692307692307693 0.052884615384615384
0 0.2956730769230769 0.40384615384615385 0.055288461538461536 0.04326923076923077
0 0.40865384615384615 0.37740384615384615 0.04326923076923077 0.04807692307692308
0 0.5132211538461539 0.3641826923076923 0.0673076923076923 0.036057692307692304
0 0.5661057692307693 0.546875 0.04326923076923077 0.04326923076923077
0 0.6189903846153846 0.49038461538461536 0.038461538461538464 0.06971153846153846
0 0.6394230769230769 0.609375 0.04807692307692308 0.052884615384615384
0 0.8161057692307693 0.5997596153846154 0.04326923076923077 0.04326923076923077
0 0.7908653846153846 0.6742788461538461 0.10096153846153846 0.07211538461538461
0 0.8882211538461539 0.6141826923076923 0.05048076923076923 0.04807692307692308