0 0.3942307692307692 0.03485576923076923 0.036057692307692304 0.0625
0 0.5540865384615384 0.11899038461538461 0.10817307692307693 0.04326923076923077
0 0.3629807692307692 0.11658653846153846 0.038461538461538464 0.038461538461538464
0 0.3786057692307692 0.17548076923076922 0.09134615384615384 0.0673076923076923
0 0.43990384615384615 0.23677884615384615 0.0673076923076923 0.026442307692307692
0 0.421875 0.27283653846153844 0.06490384615384616 0.016826923076923076
0 0.45072115384615385 0.3173076923076923 0.06490384615384616 0.026442307692307692
0 0.9675480769230769 0.3629807692307692 0.038461538461538464 0.057692307692307696
0 0.8485576923076923 0.3605769230769231 0.10817307692307693 0.07692307692307693
0 0.8257211538461539 0.4495192307692308 0.0625 0.04326923076923077
0 0.7211538461538461 0.43509615384615385 0.08173076923076923 0.04326923076923077
0 0.7043269230769231 0.4951923076923077 0.0625 0.038461538461538464
0 0.8677884615384616 0.24879807692307693 0.0625 0.0625
0 0.5240384615384616 0.49399038461538464 0.055288461538461536 0.021634615384615384
0 0.5288461538461539 0.546875 0.08653846153846154 0.04807692307692308
0 0.6394230769230769 0.5456730769230769 0.04807692307692308 0.07211538461538461
0 0.43149038461538464 0.6045673076923077 0.14423076923076922 0.038461538461538464
0 0.6574519230769231 0.6189903846153846 0.2403846153846154 0.0673076923076923
0 0.8677884615384616 0.546875 0.1875 0.06971153846153846
0 0.37259615384615385 0.7259615384615384 0.06490384615384616 0.03365384615384615
0 0.42427884615384615 0.8473557692307693 0.09134615384615384 0.0625
0 0.31490384615384615 0.8185096153846154 0.05048076923076923 0.03365384615384615
0 0.27163461538461536 0.6935096153846154 0.052884615384615384 0.028846153846153848
0 0.28725961538461536 0.7475961538461539 0.03365384615384615 0.038461538461538464
0 0.21394230769230768 0.7992788461538461 0.08653846153846154 0.0625
0 0.12139423076923077 0.7668269230769231 0.06490384615384616 0.0673076923076923
0 0.25841346153846156 0.9435096153846154 0.07692307692307693 0.04807692307692308
0 0.29086538461538464 0.39663461538461536 0.06490384615384616 0.07211538461538461
0 0.44471153846153844 0.6814903846153846 0.1778846153846154 0.03365384615384615
0 0.3137019230769231 0.3233173076923077 0.06009615384615385 0.04807692307692308