0 0.9603365384615384 0.5276442307692307 0.0673076923076923 0.12740384615384615
0 0.6911057692307693 0.3942307692307692 0.0625 0.08653846153846154
0 0.6538461538461539 0.31490384615384615 0.038461538461538464 0.04326923076923077
0 0.5324519230769231 0.4651442307692308 0.04807692307692308 0.0625
0 0.46033653846153844 0.5769230769230769 0.04807692307692308 0.0625
0 0.375 0.5228365384615384 0.052884615384615384 0.06490384615384616
0 0.31850961538461536 0.3641826923076923 0.07692307692307693 0.07692307692307693
0 0.49158653846153844 0.35336538461538464 0.0673076923076923 0.11057692307692307
0 0.47836538461538464 0.15384615384615385 0.07692307692307693 0.08653846153846154
0 0.32091346153846156 0.25600961538461536 0.04807692307692308 0.08173076923076923
0 0.28966346153846156 0.13341346153846154 0.057692307692307696 0.07211538461538461
0 0.17427884615384615 0.1141826923076923 0.08173076923076923 0.09134615384615384
0 0.18870192307692307 0.7367788461538461 0.0673076923076923 0.0625
0 0.9411057692307693 0.3894230769230769 0.0673076923076923 0.07692307692307693
0 0.9555288461538461 0.24158653846153846 0.08413461538461539 0.14182692307692307
0 0.8629807692307693 0.26322115384615385 0.07211538461538461 0.1466346153846154
0 0.09615384615384616 0.23798076923076922 0.052884615384615384 0.08653846153846154
0 0.30288461538461536 0.039663461538461536 0.08173076923076923 0.03365384615384615