0 0.6057692307692307 0.03485576923076923 0.036057692307692304 0.0625
0 0.44591346153846156 0.11899038461538461 0.10817307692307693 0.04326923076923077
0 0.6370192307692307 0.11658653846153846 0.038461538461538464 0.038461538461538464
0 0.6213942307692307 0.17548076923076922 0.09134615384615384 0.0673076923076923
0 0.5600961538461539 0.23677884615384615 0.0673076923076923 0.026442307692307692
0 0.578125 0.27283653846153844 0.06490384615384616 0.016826923076923076
0 0.5492788461538461 0.3173076923076923 0.06490384615384616 0.026442307692307692
0 0.03245192307692308 0.3629807692307692 0.038461538461538464 0.057692307692307696
0 0.15144230769230768 0.3605769230769231 0.10817307692307693 0.07692307692307693
0 0.17427884615384615 0.4495192307692308 0.0625 0.04326923076923077
0 0.27884615384615385 0.43509615384615385 0.08173076923076923 0.04326923076923077
0 0.2956730769230769 0.4951923076923077 0.0625 0.038461538461538464
0 0.13221153846153846 0.24879807692307693 0.0625 0.0625
0 0.47596153846153844 0.49399038461538464 0.055288461538461536 0.021634615384615384
0 0.47115384615384615 0.546875 0.08653846153846154 0.04807692307692308
0 0.3605769230769231 0.5456730769230769 0.04807692307692308 0.07211538461538461
0 0.5685096153846154 0.6045673076923077 0.14423076923076922 0.038461538461538464
0 0.3425480769230769 0.6189903846153846 0.2403846153846154 0.0673076923076923
0 0.13221153846153846 0.546875 0.1875 0.0673076923076923
0 0.6274038461538461 0.7259615384615384 0.06490384615384616 0.03365384615384615
0 0.5757211538461539 0.8473557692307693 0.09134615384615384 0.0625
0 0.6850961538461539 0.8185096153846154 0.04807692307692308 0.03365384615384615
0 0.7283653846153846 0.6935096153846154 0.052884615384615384 0.028846153846153848
0 0.7127403846153846 0.7475961538461539 0.03365384615384615 0.038461538461538464
0 0.7860576923076923 0.7992788461538461 0.08653846153846154 0.0625
0 0.8786057692307693 0.7668269230769231 0.06490384615384616 0.0673076923076923
0 0.7415865384615384 0.9435096153846154 0.07692307692307693 0.04807692307692308
0 0.7091346153846154 0.39663461538461536 0.06490384615384616 0.07211538461538461
0 0.5552884615384616 0.6814903846153846 0.1778846153846154 0.03365384615384615
0 0.6862980769230769 0.3233173076923077 0.057692307692307696 0.04807692307692308