0 0.20552884615384615 0.7319711538461539 0.04807692307692308 0.04326923076923077
0 0.40384615384615385 0.9038461538461539 0.057692307692307696 0.052884615384615384
0 0.5300480769230769 0.9170673076923077 0.07451923076923077 0.08173076923076923
0 0.6033653846153846 0.9230769230769231 0.038461538461538464 0.04807692307692308
0 0.6610576923076923 0.4567307692307692 0.055288461538461536 0.052884615384615384
0 0.7259615384615384 0.3918269230769231 0.07451923076923077 0.0625
0 0.796875 0.3798076923076923 0.057692307692307696 0.125
0 0.6574519230769231 0.2920673076923077 0.08653846153846154 0.057692307692307696
0 0.48677884615384615 0.12379807692307693 0.04807692307692308 0.052884615384615384
0 0.37740384615384615 0.29447115384615385 0.0889423076923077 0.09615384615384616
0 0.2764423076923077 0.2644230769230769 0.10096153846153846 0.10336538461538461
0 0.17908653846153846 0.30288461538461536 0.055288461538461536 0.0673076923076923
0 0.15384615384615385 0.3762019230769231 0.055288461538461536 0.052884615384615384
0 0.11298076923076923 0.3329326923076923 0.07211538461538461 0.019230769230769232
0 0.34615384615384615 0.15384615384615385 0.040865384615384616 0.052884615384615384
0 0.7259615384615384 0.09975961538461539 0.07451923076923077 0.038461538461538464
0 0.703125 0.16826923076923078 0.04326923076923077 0.038461538461538464
0 0.7980769230769231 0.07211538461538461 0.040865384615384616 0.09615384615384616
0 0.8605769230769231 0.09134615384615384 0.040865384615384616 0.0625
0 0.9447115384615384 0.07451923076923077 0.08173076923076923 0.125
0 0.48677884615384615 0.008413461538461538 0.04807692307692308 0.016826923076923076
0 0.3245192307692308 0.11057692307692307 0.040865384615384616 0.03365384615384615
0 0.2764423076923077 0.13822115384615385 0.03365384615384615 0.05048076923076923
0 0.16466346153846154 0.06610576923076923 0.03365384615384615 0.06009615384615385
0 0.030048076923076924 0.23677884615384615 0.04326923076923077 0.038461538461538464
0 0.09254807692307693 0.28725961538461536 0.04326923076923077 0.03365384615384615