1 0.203125 0.3581730769230769 0.03365384615384615 0.028846153846153848
1 0.3701923076923077 0.7824519230769231 0.08173076923076923 0.07692307692307693
1 0.15504807692307693 0.6538461538461539 0.04326923076923077 0.028846153846153848
1 0.20552884615384615 0.7487980769230769 0.12740384615384615 0.07451923076923077
1 0.18509615384615385 0.5324519230769231 0.038461538461538464 0.028846153846153848
1 0.203125 0.4375 0.04326923076923077 0.03365384615384615
1 0.3557692307692308 0.33653846153846156 0.038461538461538464 0.03365384615384615
1 0.43509615384615385 0.3112980769230769 0.04807692307692308 0.04567307692307692
1 0.3269230769230769 0.3894230769230769 0.05048076923076923 0.038461538461538464
1 0.30649038461538464 0.46153846153846156 0.08173076923076923 0.052884615384615384
1 0.234375 0.5865384615384616 0.038461538461538464 0.028846153846153848
1 0.30528846153846156 0.5817307692307693 0.04567307692307692 0.057692307692307696
1 0.43149038461538464 0.40024038461538464 0.0625 0.07692307692307693
1 0.40625 0.4675480769230769 0.07211538461538461 0.036057692307692304
1 0.4074519230769231 0.5516826923076923 0.11778846153846154 0.10096153846153846
1 0.43149038461538464 0.6322115384615384 0.052884615384615384 0.038461538461538464