1 0.8112980769230769 0.9266826923076923 0.028846153846153848 0.03365384615384615
1 0.2283653846153846 0.18629807692307693 0.03125 0.016826923076923076
1 0.359375 0.19951923076923078 0.03365384615384615 0.028846153846153848
1 0.25 0.4110576923076923 0.03365384615384615 0.028846153846153848
1 0.4182692307692308 0.36778846153846156 0.06009615384615385 0.040865384615384616
1 0.3473557692307692 0.3004807692307692 0.03365384615384615 0.03365384615384615
1 0.5516826923076923 0.4230769230769231 0.04567307692307692 0.028846153846153848
1 0.4831730769230769 0.2800480769230769 0.11298076923076923 0.1201923076923077
1 0.8461538461538461 0.44711538461538464 0.028846153846153848 0.02403846153846154
1 0.7752403846153846 0.4254807692307692 0.04567307692307692 0.028846153846153848
1 0.7199519230769231 0.49038461538461536 0.038461538461538464 0.03365384615384615
1 0.6057692307692307 0.6177884615384616 0.04326923076923077 0.038461538461538464
1 0.8161057692307693 0.8149038461538461 0.038461538461538464 0.038461538461538464
1 0.7379807692307693 0.7403846153846154 0.052884615384615384 0.036057692307692304
1 0.6346153846153846 0.8521634615384616 0.04807692307692308 0.026442307692307692
1 0.5036057692307693 0.7848557692307693 0.057692307692307696 0.04567307692307692
1 0.5336538461538461 0.9242788461538461 0.03365384615384615 0.02403846153846154
1 0.4807692307692308 0.8509615384615384 0.038461538461538464 0.07692307692307693
1 0.453125 0.7463942307692307 0.028846153846153848 0.038461538461538464
1 0.5180288461538461 0.6370192307692307 0.03125 0.028846153846153848
1 0.4579326923076923 0.6850961538461539 0.038461538461538464 0.028846153846153848