0 0.7223557692307693 0.1310096153846154 0.057692307692307696 0.03365384615384615
0 0.8125 0.24278846153846154 0.08173076923076923 0.038461538461538464
0 0.7536057692307693 0.20072115384615385 0.04807692307692308 0.036057692307692304
0 0.7427884615384616 0.7836538461538461 0.06009615384615385 0.0625
0 0.6959134615384616 0.53125 0.10096153846153846 0.052884615384615384
0 0.3401442307692308 0.07451923076923077 0.08413461538461539 0.07451923076923077
0 0.5576923076923077 0.12980769230769232 0.040865384615384616 0.038461538461538464
0 0.08774038461538461 0.20192307692307693 0.10096153846153846 0.10576923076923077
0 0.22355769230769232 0.5769230769230769 0.04326923076923077 0.0625
0 0.15745192307692307 0.6754807692307693 0.09615384615384616 0.04807692307692308
0 0.17548076923076922 0.7403846153846154 0.13942307692307693 0.06009615384615385
0 0.41947115384615385 0.8341346153846154 0.06009615384615385 0.057692307692307696
0 0.265625 0.8774038461538461 0.11778846153846154 0.09615384615384616