0 0.8689903846153846 0.7223557692307693 0.03365384615384615 0.057692307692307696
0 0.7572115384615384 0.8125 0.038461538461538464 0.08413461538461539
0 0.7992788461538461 0.7536057692307693 0.036057692307692304 0.04807692307692308
0 0.21634615384615385 0.7427884615384616 0.0625 0.06009615384615385
0 0.46875 0.6959134615384616 0.052884615384615384 0.10096153846153846
0 0.9254807692307693 0.3401442307692308 0.07451923076923077 0.08413461538461539
0 0.8701923076923077 0.5576923076923077 0.038461538461538464 0.040865384615384616
0 0.7980769230769231 0.08774038461538461 0.10576923076923077 0.10096153846153846
0 0.4230769230769231 0.22355769230769232 0.0625 0.04326923076923077
0 0.3245192307692308 0.15745192307692307 0.04807692307692308 0.09615384615384616
0 0.25961538461538464 0.17548076923076922 0.06009615384615385 0.13942307692307693
0 0.1658653846153846 0.41947115384615385 0.057692307692307696 0.06009615384615385
0 0.12259615384615384 0.265625 0.09615384615384616 0.11538461538461539