0 0.14903846153846154 0.5661057692307693 0.20673076923076922 0.3605769230769231
0 0.27884615384615385 0.6550480769230769 0.04326923076923077 0.11538461538461539
0 0.109375 0.1935096153846154 0.09375 0.13942307692307693
0 0.22956730769230768 0.1622596153846154 0.08653846153846154 0.16346153846153846
0 0.3076923076923077 0.16947115384615385 0.04807692307692308 0.15144230769230768
0 0.3605769230769231 0.22235576923076922 0.038461538461538464 0.11538461538461539
0 0.33774038461538464 0.3485576923076923 0.0673076923076923 0.11538461538461539
0 0.2800480769230769 0.39302884615384615 0.052884615384615384 0.15384615384615385
0 0.3954326923076923 0.5697115384615384 0.1778846153846154 0.27403846153846156
0 0.5276442307692307 0.48197115384615385 0.07692307692307693 0.16826923076923078
0 0.5504807692307693 0.6670673076923077 0.06009615384615385 0.17307692307692307
0 0.6105769230769231 0.6574519230769231 0.03365384615384615 0.06971153846153846
0 0.6983173076923077 0.8088942307692307 0.04326923076923077 0.08413461538461539
0 0.5877403846153846 0.9170673076923077 0.038461538461538464 0.06971153846153846
0 0.31009615384615385 0.9435096153846154 0.06009615384615385 0.11057692307692307
0 0.5012019230769231 0.16105769230769232 0.0673076923076923 0.08413461538461539
0 0.4483173076923077 0.33533653846153844 0.07211538461538461 0.11778846153846154
0 0.6057692307692307 0.3317307692307692 0.052884615384615384 0.1971153846153846
0 0.7199519230769231 0.49038461538461536 0.15865384615384615 0.3317307692307692
0 0.6117788461538461 0.5625 0.038461538461538464 0.09615384615384616
0 0.8942307692307693 0.6850961538461539 0.04567307692307692 0.09375
0 0.21514423076923078 0.3485576923076923 0.055288461538461536 0.0625
0 0.8100961538461539 0.27163461538461536 0.10096153846153846 0.10096153846153846
0 0.8581730769230769 0.39903846153846156 0.09615384615384616 0.1346153846153846
0 0.6610576923076923 0.09735576923076923 0.04326923076923077 0.1346153846153846
0 0.5865384615384616 0.13701923076923078 0.04567307692307692 0.08413461538461539
0 0.7692307692307693 0.13822115384615385 0.0625 0.06009615384615385
0 0.38341346153846156 0.8894230769230769 0.040865384615384616 0.07932692307692307
0 0.019230769230769232 0.7596153846153846 0.028846153846153848 0.11538461538461539