0 0.7355769230769231 0.24639423076923078 0.08173076923076923 0.055288461538461536
0 0.7512019230769231 0.8653846153846154 0.08173076923076923 0.028846153846153848
0 0.6153846153846154 0.8185096153846154 0.09615384615384616 0.0625
0 0.7043269230769231 0.8245192307692307 0.0625 0.04326923076923077
0 0.6706730769230769 0.7403846153846154 0.09615384615384616 0.06009615384615385
0 0.8088942307692307 0.7632211538461539 0.04326923076923077 0.019230769230769232
0 0.7608173076923077 0.7259615384615384 0.07211538461538461 0.040865384615384616
0 0.9026442307692307 0.7824519230769231 0.04326923076923077 0.06009615384615385
0 0.8341346153846154 0.2668269230769231 0.0625 0.04326923076923077
0 0.8221153846153846 0.21394230769230768 0.0625 0.036057692307692304
0 0.7848557692307693 0.17668269230769232 0.08653846153846154 0.028846153846153848
0 0.6490384615384616 0.15985576923076922 0.038461538461538464 0.038461538461538464
0 0.5444711538461539 0.14182692307692307 0.07692307692307693 0.03365384615384615
0 0.9735576923076923 0.6165865384615384 0.05048076923076923 0.08413461538461539
0 0.8990384615384616 0.6382211538461539 0.09134615384615384 0.13942307692307693
0 0.9278846153846154 0.4879807692307692 0.07211538461538461 0.10817307692307693
0 0.9459134615384616 0.3894230769230769 0.04326923076923077 0.04567307692307692
0 0.8990384615384616 0.296875 0.03125 0.038461538461538464
0 0.8052884615384616 0.3545673076923077 0.057692307692307696 0.038461538461538464
0 0.7139423076923077 0.5973557692307693 0.0673076923076923 0.057692307692307696
0 0.7307692307692307 0.4831730769230769 0.052884615384615384 0.04326923076923077
0 0.8137019230769231 0.4050480769230769 0.07211538461538461 0.04326923076923077
0 0.8173076923076923 0.46634615384615385 0.08173076923076923 0.057692307692307696
0 0.8173076923076923 0.5480769230769231 0.07211538461538461 0.07692307692307693
0 0.7355769230769231 0.6682692307692307 0.07692307692307693 0.07211538461538461
0 0.8112980769230769 0.6466346153846154 0.06971153846153846 0.09134615384615384
0 0.5192307692307693 0.3088942307692308 0.055288461538461536 0.03125
0 0.46274038461538464 0.25841346153846156 0.14903846153846154 0.0625
0 0.6286057692307693 0.39903846153846156 0.10096153846153846 0.08653846153846154
0 0.6514423076923077 0.6310096153846154 0.04326923076923077 0.03365384615384615
0 0.6454326923076923 0.5420673076923077 0.0625 0.05048076923076923
0 0.6574519230769231 0.4723557692307692 0.04567307692307692 0.04326923076923077
0 0.5889423076923077 0.48677884615384615 0.08653846153846154 0.038461538461538464
0 0.4891826923076923 0.40024038461538464 0.1346153846153846 0.11057692307692307
0 0.38221153846153844 0.3161057692307692 0.0673076923076923 0.04807692307692308
0 0.30649038461538464 0.3317307692307692 0.028846153846153848 0.052884615384615384
0 0.6045673076923077 0.6117788461538461 0.03365384615384615 0.052884615384615384
0 0.6346153846153846 0.5889423076923077 0.019230769230769232 0.03125
0 0.5576923076923077 0.6394230769230769 0.0625 0.055288461538461536
0 0.5204326923076923 0.7043269230769231 0.0625 0.055288461538461536
0 0.4170673076923077 0.7548076923076923 0.07692307692307693 0.052884615384615384
0 0.5144230769230769 0.5564903846153846 0.1346153846153846 0.07451923076923077
0 0.44471153846153844 0.4855769230769231 0.16105769230769232 0.06009615384615385
0 0.47475961538461536 0.6382211538461539 0.052884615384615384 0.0673076923076923
0 0.3798076923076923 0.6634615384615384 0.10817307692307693 0.125
0 0.28846153846153844 0.6430288461538461 0.03365384615384615 0.13942307692307693
0 0.3798076923076923 0.3858173076923077 0.052884615384615384 0.04567307692307692
0 0.2644230769230769 0.4338942307692308 0.11778846153846154 0.13942307692307693
0 0.22115384615384615 0.6538461538461539 0.08173076923076923 0.10817307692307693
0 0.2127403846153846 0.5625 0.04326923076923077 0.04807692307692308
0 0.1346153846153846 0.6971153846153846 0.0673076923076923 0.08413461538461539
0 0.12379807692307693 0.5721153846153846 0.07692307692307693 0.08173076923076923
0 0.17668269230769232 0.5120192307692307 0.03365384615384615 0.016826923076923076
0 0.15384615384615385 0.4098557692307692 0.0625 0.08413461538461539
0 0.025240384615384616 0.47836538461538464 0.036057692307692304 0.04326923076923077
0 0.08533653846153846 0.46153846153846156 0.02403846153846154 0.026442307692307692
0 0.0829326923076923 0.40384615384615385 0.0673076923076923 0.0625
0 0.026442307692307692 0.35336538461538464 0.036057692307692304 0.09615384615384616
0 0.12259615384615384 0.3425480769230769 0.07211538461538461 0.04567307692307692