0 0.24639423076923078 0.2644230769230769 0.055288461538461536 0.08173076923076923
0 0.8653846153846154 0.24879807692307693 0.028846153846153848 0.08173076923076923
0 0.8185096153846154 0.38461538461538464 0.0625 0.09615384615384616
0 0.8245192307692307 0.2956730769230769 0.04326923076923077 0.0625
0 0.7403846153846154 0.3293269230769231 0.06009615384615385 0.09615384615384616
0 0.7632211538461539 0.19110576923076922 0.019230769230769232 0.04326923076923077
0 0.7259615384615384 0.23918269230769232 0.040865384615384616 0.07211538461538461
0 0.7824519230769231 0.09735576923076923 0.06009615384615385 0.04326923076923077
0 0.2668269230769231 0.1658653846153846 0.04326923076923077 0.0625
0 0.21394230769230768 0.1778846153846154 0.036057692307692304 0.0625
0 0.17668269230769232 0.21514423076923078 0.028846153846153848 0.08653846153846154
0 0.15985576923076922 0.35096153846153844 0.038461538461538464 0.038461538461538464
0 0.14182692307692307 0.45552884615384615 0.03365384615384615 0.07692307692307693
0 0.6165865384615384 0.026442307692307692 0.08413461538461539 0.05048076923076923
0 0.6382211538461539 0.10096153846153846 0.13942307692307693 0.09134615384615384
0 0.4879807692307692 0.07211538461538461 0.10817307692307693 0.07211538461538461
0 0.3894230769230769 0.054086538461538464 0.04567307692307692 0.04326923076923077
0 0.296875 0.10096153846153846 0.038461538461538464 0.03125
0 0.3545673076923077 0.19471153846153846 0.038461538461538464 0.057692307692307696
0 0.5973557692307693 0.2860576923076923 0.057692307692307696 0.0673076923076923
0 0.4831730769230769 0.2692307692307692 0.04326923076923077 0.052884615384615384
0 0.4050480769230769 0.18629807692307693 0.04326923076923077 0.07211538461538461
0 0.46634615384615385 0.18269230769230768 0.057692307692307696 0.08173076923076923
0 0.5480769230769231 0.18269230769230768 0.07692307692307693 0.07211538461538461
0 0.6682692307692307 0.2644230769230769 0.07211538461538461 0.07692307692307693
0 0.6466346153846154 0.18870192307692307 0.09134615384615384 0.06971153846153846
0 0.3088942307692308 0.4807692307692308 0.03125 0.055288461538461536
0 0.25841346153846156 0.5372596153846154 0.0625 0.14903846153846154
0 0.39903846153846156 0.3713942307692308 0.08653846153846154 0.10096153846153846
0 0.6310096153846154 0.3485576923076923 0.03365384615384615 0.04326923076923077
0 0.5420673076923077 0.3545673076923077 0.05048076923076923 0.0625
0 0.4723557692307692 0.3425480769230769 0.04326923076923077 0.04567307692307692
0 0.48677884615384615 0.4110576923076923 0.038461538461538464 0.08653846153846154
0 0.40024038461538464 0.5108173076923077 0.11057692307692307 0.1346153846153846
0 0.3161057692307692 0.6177884615384616 0.04807692307692308 0.0673076923076923
0 0.3317307692307692 0.6935096153846154 0.052884615384615384 0.028846153846153848
0 0.6117788461538461 0.3954326923076923 0.052884615384615384 0.03365384615384615
0 0.5889423076923077 0.36538461538461536 0.03125 0.019230769230769232
0 0.6394230769230769 0.4423076923076923 0.055288461538461536 0.0625
0 0.7043269230769231 0.4795673076923077 0.055288461538461536 0.0625
0 0.7548076923076923 0.5829326923076923 0.052884615384615384 0.07692307692307693
0 0.5564903846153846 0.4855769230769231 0.07451923076923077 0.1346153846153846
0 0.4855769230769231 0.5552884615384616 0.06009615384615385 0.16105769230769232
0 0.6382211538461539 0.5252403846153846 0.0673076923076923 0.052884615384615384
0 0.6634615384615384 0.6201923076923077 0.125 0.10817307692307693
0 0.6430288461538461 0.7115384615384616 0.13942307692307693 0.03365384615384615
0 0.3858173076923077 0.6201923076923077 0.04567307692307692 0.052884615384615384
0 0.4338942307692308 0.7355769230769231 0.13942307692307693 0.11778846153846154
0 0.6538461538461539 0.7788461538461539 0.10576923076923077 0.08173076923076923
0 0.5625 0.7872596153846154 0.04807692307692308 0.04326923076923077
0 0.6971153846153846 0.8653846153846154 0.08173076923076923 0.0673076923076923
0 0.5721153846153846 0.8762019230769231 0.08173076923076923 0.07692307692307693
0 0.5120192307692307 0.8233173076923077 0.016826923076923076 0.03365384615384615
0 0.4098557692307692 0.8461538461538461 0.08413461538461539 0.0625
0 0.47836538461538464 0.9747596153846154 0.04326923076923077 0.036057692307692304
0 0.46153846153846156 0.9146634615384616 0.026442307692307692 0.02403846153846154
0 0.40384615384615385 0.9170673076923077 0.0625 0.0673076923076923
0 0.35336538461538464 0.9735576923076923 0.09615384615384616 0.036057692307692304
0 0.3425480769230769 0.8774038461538461 0.04567307692307692 0.07211538461538461