1 0.7872596153846154 0.28725961538461536 0.20432692307692307 0.10576923076923077
1 0.6213942307692307 0.5637019230769231 0.0625 0.0673076923076923
1 0.8293269230769231 0.45072115384615385 0.07451923076923077 0.052884615384615384
1 0.7079326923076923 0.7872596153846154 0.125 0.07451923076923077
1 0.9495192307692307 0.6995192307692307 0.09375 0.07692307692307693
1 0.8365384615384616 0.7115384615384616 0.0673076923076923 0.052884615384615384
1 0.3605769230769231 0.3389423076923077 0.09134615384615384 0.04326923076923077
1 0.46274038461538464 0.26322115384615385 0.055288461538461536 0.04326923076923077
1 0.9723557692307693 0.22115384615384615 0.036057692307692304 0.04807692307692308
1 0.9783653846153846 0.47836538461538464 0.036057692307692304 0.0625
1 0.3701923076923077 0.4375 0.07692307692307693 0.04807692307692308
1 0.18870192307692307 0.6634615384615384 0.04567307692307692 0.038461538461538464