1 0.7127403846153846 0.2127403846153846 0.10576923076923077 0.20432692307692307
1 0.4362980769230769 0.3786057692307692 0.0673076923076923 0.0625
1 0.5492788461538461 0.17067307692307693 0.052884615384615384 0.07451923076923077
1 0.2127403846153846 0.2920673076923077 0.07451923076923077 0.125
1 0.3004807692307692 0.05048076923076923 0.07692307692307693 0.09375
1 0.28846153846153844 0.16346153846153846 0.052884615384615384 0.0673076923076923
1 0.6610576923076923 0.6394230769230769 0.04326923076923077 0.09134615384615384
1 0.7367788461538461 0.5372596153846154 0.04326923076923077 0.055288461538461536
1 0.7788461538461539 0.027644230769230768 0.04807692307692308 0.036057692307692304
1 0.5216346153846154 0.021634615384615384 0.0625 0.036057692307692304
1 0.5625 0.6298076923076923 0.04807692307692308 0.07692307692307693
1 0.33653846153846156 0.8112980769230769 0.038461538461538464 0.04567307692307692