0 0.6754807692307693 0.040865384615384616 0.0625 0.07692307692307693
0 0.8028846153846154 0.07451923076923077 0.04326923076923077 0.07692307692307693
0 0.8786057692307693 0.038461538461538464 0.04326923076923077 0.0625
0 0.7692307692307693 0.18028846153846154 0.052884615384615384 0.036057692307692304
0 0.5408653846153846 0.28725961538461536 0.03365384615384615 0.0625
0 0.6262019230769231 0.29086538461538464 0.03365384615384615 0.057692307692307696
0 0.6875 0.2980769230769231 0.052884615384615384 0.057692307692307696
0 0.7860576923076923 0.32572115384615385 0.04807692307692308 0.057692307692307696
0 0.7764423076923077 0.40024038461538464 0.0673076923076923 0.06490384615384616
0 0.8521634615384616 0.3870192307692308 0.038461538461538464 0.04807692307692308
0 0.055288461538461536 0.01201923076923077 0.08173076923076923 0.019230769230769232
0 0.08774038461538461 0.07091346153846154 0.04326923076923077 0.08653846153846154
0 0.15264423076923078 0.0673076923076923 0.04807692307692308 0.0625
0 0.3545673076923077 0.24879807692307693 0.08173076923076923 0.1971153846153846
0 0.6646634615384616 0.5745192307692307 0.052884615384615384 0.057692307692307696
0 0.5949519230769231 0.5528846153846154 0.04807692307692308 0.07211538461538461
0 0.5192307692307693 0.49278846153846156 0.038461538461538464 0.04807692307692308
0 0.42908653846153844 0.40024038461538464 0.04807692307692308 0.10576923076923077
0 0.38100961538461536 0.5036057692307693 0.038461538461538464 0.11298076923076923
0 0.5264423076923077 0.5817307692307693 0.04326923076923077 0.057692307692307696
0 0.2692307692307692 0.3581730769230769 0.03365384615384615 0.04807692307692308
0 0.2283653846153846 0.19110576923076922 0.0673076923076923 0.11298076923076923
0 0.15745192307692307 0.29447115384615385 0.09615384615384616 0.07692307692307693
0 0.07572115384615384 0.34375 0.04807692307692308 0.1201923076923077
0 0.1045673076923077 0.20192307692307693 0.15384615384615385 0.10576923076923077
0 0.11658653846153846 0.48197115384615385 0.03365384615384615 0.08653846153846154
0 0.16947115384615385 0.40384615384615385 0.052884615384615384 0.07211538461538461
0 0.21394230769230768 0.40384615384615385 0.028846153846153848 0.04326923076923077
0 0.24759615384615385 0.4110576923076923 0.038461538461538464 0.04326923076923077
0 0.2956730769230769 0.5036057692307693 0.07692307692307693 0.057692307692307696
0 0.29086538461538464 0.6069711538461539 0.125 0.1201923076923077
0 0.16706730769230768 0.7127403846153846 0.04807692307692308 0.19230769230769232
0 0.21875 0.8401442307692307 0.057692307692307696 0.07692307692307693
0 0.71875 0.7019230769230769 0.038461538461538464 0.08653846153846154
0 0.7644230769230769 0.8798076923076923 0.11057692307692307 0.12740384615384615
0 0.6382211538461539 0.8725961538461539 0.1346153846153846 0.21153846153846154
0 0.5408653846153846 0.9290865384615384 0.04326923076923077 0.07211538461538461
0 0.421875 0.9435096153846154 0.15865384615384615 0.10096153846153846
0 0.25961538461538464 0.9435096153846154 0.03365384615384615 0.057692307692307696
0 0.19471153846153846 0.9326923076923077 0.057692307692307696 0.07692307692307693
0 0.6574519230769231 0.6947115384615384 0.0673076923076923 0.12740384615384615
0 0.578125 0.6983173076923077 0.08173076923076923 0.09134615384615384
0 0.32572115384615385 0.7872596153846154 0.0625 0.08653846153846154
0 0.49038461538461536 0.7692307692307693 0.04807692307692308 0.10576923076923077
0 0.4098557692307692 0.8016826923076923 0.07692307692307693 0.07211538461538461
0 0.49038461538461536 0.6778846153846154 0.0673076923076923 0.0625
0 0.3786057692307692 0.7091346153846154 0.07211538461538461 0.057692307692307696
0 0.4543269230769231 0.5889423076923077 0.03365384615384615 0.04326923076923077
0 0.40024038461538464 0.6165865384615384 0.0673076923076923 0.08653846153846154