0 0.040865384615384616 0.3245192307692308 0.07692307692307693 0.0625
0 0.07451923076923077 0.1971153846153846 0.07692307692307693 0.04326923076923077
0 0.038461538461538464 0.12139423076923077 0.0625 0.04326923076923077
0 0.18028846153846154 0.23076923076923078 0.036057692307692304 0.052884615384615384
0 0.28725961538461536 0.45913461538461536 0.0625 0.03365384615384615
0 0.29086538461538464 0.3737980769230769 0.057692307692307696 0.03365384615384615
0 0.2980769230769231 0.3125 0.057692307692307696 0.052884615384615384
0 0.32572115384615385 0.21394230769230768 0.057692307692307696 0.04807692307692308
0 0.40024038461538464 0.22355769230769232 0.0625 0.0673076923076923
0 0.3870192307692308 0.14783653846153846 0.04807692307692308 0.038461538461538464
0 0.01201923076923077 0.9447115384615384 0.019230769230769232 0.08173076923076923
0 0.07091346153846154 0.9122596153846154 0.08653846153846154 0.04326923076923077
0 0.0673076923076923 0.8473557692307693 0.0625 0.04807692307692308
0 0.24879807692307693 0.6454326923076923 0.1971153846153846 0.08173076923076923
0 0.5745192307692307 0.33533653846153844 0.057692307692307696 0.052884615384615384
0 0.5528846153846154 0.4050480769230769 0.07211538461538461 0.04807692307692308
0 0.49278846153846156 0.4807692307692308 0.04807692307692308 0.038461538461538464
0 0.40024038461538464 0.5709134615384616 0.10576923076923077 0.04807692307692308
0 0.5036057692307693 0.6189903846153846 0.11298076923076923 0.038461538461538464
0 0.5817307692307693 0.4735576923076923 0.057692307692307696 0.04326923076923077
0 0.3581730769230769 0.7307692307692307 0.04807692307692308 0.03365384615384615
0 0.19110576923076922 0.7716346153846154 0.11298076923076923 0.0673076923076923
0 0.29447115384615385 0.8425480769230769 0.07692307692307693 0.09375
0 0.34375 0.9242788461538461 0.1201923076923077 0.04807692307692308
0 0.20192307692307693 0.8954326923076923 0.10576923076923077 0.15384615384615385
0 0.48197115384615385 0.8834134615384616 0.08653846153846154 0.03365384615384615
0 0.40384615384615385 0.8305288461538461 0.07211538461538461 0.052884615384615384
0 0.40384615384615385 0.7860576923076923 0.04326923076923077 0.028846153846153848
0 0.4110576923076923 0.7524038461538461 0.04326923076923077 0.038461538461538464
0 0.5036057692307693 0.7043269230769231 0.057692307692307696 0.07692307692307693
0 0.6069711538461539 0.7091346153846154 0.1201923076923077 0.125
0 0.7127403846153846 0.8329326923076923 0.19230769230769232 0.04807692307692308
0 0.8401442307692307 0.78125 0.07692307692307693 0.057692307692307696
0 0.7019230769230769 0.28125 0.08653846153846154 0.038461538461538464
0 0.8798076923076923 0.23557692307692307 0.12740384615384615 0.11057692307692307
0 0.8725961538461539 0.36177884615384615 0.21153846153846154 0.1346153846153846
0 0.9290865384615384 0.45913461538461536 0.07211538461538461 0.04326923076923077
0 0.9435096153846154 0.578125 0.10096153846153846 0.15865384615384615
0 0.9435096153846154 0.7403846153846154 0.057692307692307696 0.03365384615384615
0 0.9326923076923077 0.8052884615384616 0.07692307692307693 0.057692307692307696
0 0.6947115384615384 0.3425480769230769 0.12740384615384615 0.0673076923076923
0 0.6983173076923077 0.421875 0.09134615384615384 0.08173076923076923
0 0.7872596153846154 0.6742788461538461 0.08653846153846154 0.0625
0 0.7692307692307693 0.5096153846153846 0.10576923076923077 0.04807692307692308
0 0.8016826923076923 0.5901442307692307 0.07211538461538461 0.07692307692307693
0 0.6778846153846154 0.5096153846153846 0.0625 0.0673076923076923
0 0.7091346153846154 0.6213942307692307 0.057692307692307696 0.07211538461538461
0 0.5889423076923077 0.5456730769230769 0.04326923076923077 0.03365384615384615
0 0.6165865384615384 0.5997596153846154 0.08653846153846154 0.0673076923076923