0 0.5853365384615384 0.3870192307692308 0.04326923076923077 0.0625
0 0.6478365384615384 0.8701923076923077 0.04807692307692308 0.07211538461538461
0 0.7151442307692307 0.4987980769230769 0.03365384615384615 0.08653846153846154
0 0.6778846153846154 0.4543269230769231 0.028846153846153848 0.10096153846153846
0 0.6310096153846154 0.7596153846153846 0.09134615384615384 0.12980769230769232
0 0.5144230769230769 0.2920673076923077 0.05048076923076923 0.11538461538461539
0 0.5973557692307693 0.31009615384615385 0.052884615384615384 0.052884615384615384
0 0.29086538461538464 0.7512019230769231 0.052884615384615384 0.10096153846153846
0 0.2668269230769231 0.640625 0.057692307692307696 0.11298076923076923
0 0.3473557692307692 0.609375 0.05048076923076923 0.08653846153846154
0 0.3425480769230769 0.4110576923076923 0.06009615384615385 0.2091346153846154
0 0.42788461538461536 0.49278846153846156 0.09615384615384616 0.19471153846153846