0 0.6129807692307693 0.41466346153846156 0.0625 0.04326923076923077
0 0.12980769230769232 0.35216346153846156 0.07211538461538461 0.04807692307692308
0 0.5012019230769231 0.2848557692307692 0.08653846153846154 0.03365384615384615
0 0.5456730769230769 0.32211538461538464 0.10096153846153846 0.028846153846153848
0 0.2403846153846154 0.36899038461538464 0.12980769230769232 0.09134615384615384
0 0.7079326923076923 0.4855769230769231 0.11538461538461539 0.05048076923076923
0 0.6899038461538461 0.4026442307692308 0.052884615384615384 0.052884615384615384
0 0.24879807692307693 0.7091346153846154 0.10096153846153846 0.052884615384615384
0 0.359375 0.7331730769230769 0.11298076923076923 0.057692307692307696
0 0.390625 0.6526442307692307 0.08653846153846154 0.05048076923076923
0 0.5889423076923077 0.6574519230769231 0.2091346153846154 0.06009615384615385
0 0.5072115384615384 0.5721153846153846 0.19471153846153846 0.09615384615384616