0 0.5793269230769231 0.5396634615384616 0.0625 0.04326923076923077
0 0.5132211538461539 0.3076923076923077 0.052884615384615384 0.03125
0 0.5336538461538461 0.3557692307692308 0.0673076923076923 0.028846153846153848
0 0.27524038461538464 0.5709134615384616 0.052884615384615384 0.04807692307692308
0 0.45552884615384615 0.5877403846153846 0.13942307692307693 0.04807692307692308
0 0.36177884615384615 0.5276442307692307 0.052884615384615384 0.057692307692307696
0 0.3870192307692308 0.4723557692307692 0.14423076923076922 0.038461538461538464
0 0.3786057692307692 0.40625 0.1201923076923077 0.057692307692307696
0 0.21995192307692307 0.4579326923076923 0.1778846153846154 0.1201923076923077
0 0.06129807692307692 0.47836538461538464 0.11538461538461539 0.125
0 0.203125 0.3004807692307692 0.15384615384615385 0.14423076923076922
0 0.04807692307692308 0.3329326923076923 0.04326923076923077 0.04567307692307692
0 0.0889423076923077 0.26322115384615385 0.038461538461538464 0.0889423076923077
0 0.4170673076923077 0.3245192307692308 0.10336538461538461 0.09134615384615384
0 0.484375 0.4050480769230769 0.04807692307692308 0.055288461538461536
0 0.30288461538461536 0.06971153846153846 0.125 0.03365384615384615
0 0.5324519230769231 0.7668269230769231 0.09615384615384616 0.057692307692307696