0 0.2620192307692308 0.18629807692307693 0.11057692307692307 0.09134615384615384
0 0.054086538461538464 0.2980769230769231 0.09134615384615384 0.09134615384615384
0 0.10576923076923077 0.3918269230769231 0.0673076923076923 0.04807692307692308
0 0.8701923076923077 0.7992788461538461 0.09615384615384616 0.07211538461538461
0 0.609375 0.8930288461538461 0.07451923076923077 0.05048076923076923
0 0.2824519230769231 0.9302884615384616 0.14903846153846154 0.11057692307692307
0 0.4387019230769231 0.3581730769230769 0.09134615384615384 0.0625
0 0.2127403846153846 0.28966346153846156 0.0625 0.04326923076923077
0 0.3004807692307692 0.3317307692307692 0.07692307692307693 0.08653846153846154
0 0.3858173076923077 0.2932692307692308 0.07211538461538461 0.052884615384615384
0 0.15865384615384615 0.5036057692307693 0.07451923076923077 0.0673076923076923
0 0.2620192307692308 0.5132211538461539 0.10336538461538461 0.08653846153846154
0 0.4495192307692308 0.49038461538461536 0.1875 0.10576923076923077
0 0.6358173076923077 0.46153846153846156 0.11538461538461539 0.08173076923076923
0 0.3125 0.7427884615384616 0.11057692307692307 0.10096153846153846
0 0.23798076923076922 0.6310096153846154 0.125 0.10576923076923077
0 0.3557692307692308 0.6201923076923077 0.0889423076923077 0.10096153846153846
0 0.5216346153846154 0.7103365384615384 0.11538461538461539 0.07451923076923077
0 0.4879807692307692 0.7908653846153846 0.0889423076923077 0.052884615384615384