0 0.4375 0.9771634615384616 0.07451923076923077 0.038461538461538464
0 0.7067307692307693 0.9242788461538461 0.11298076923076923 0.0673076923076923
0 0.6346153846153846 0.7524038461538461 0.10576923076923077 0.11057692307692307
0 0.5408653846153846 0.8125 0.08173076923076923 0.09615384615384616
0 0.5721153846153846 0.5120192307692307 0.08173076923076923 0.04326923076923077
0 0.5588942307692307 0.35697115384615385 0.0673076923076923 0.05048076923076923
0 0.3401442307692308 0.7391826923076923 0.09375 0.04326923076923077
0 0.47475961538461536 0.6971153846153846 0.13701923076923078 0.125
0 0.4254807692307692 0.6033653846153846 0.08653846153846154 0.04567307692307692
0 0.44711538461538464 0.4879807692307692 0.09375 0.07692307692307693
0 0.4026442307692308 0.20192307692307693 0.16826923076923078 0.3942307692307692
0 0.2848557692307692 0.039663461538461536 0.04326923076923077 0.04567307692307692
0 0.27524038461538464 0.15144230769230768 0.0625 0.0673076923076923