0 0.546875 0.7235576923076923 0.11057692307692307 0.08173076923076923
0 0.31971153846153844 0.5456730769230769 0.1466346153846154 0.15144230769230768
0 0.20432692307692307 0.36538461538461536 0.09615384615384616 0.07692307692307693
0 0.16947115384615385 0.24879807692307693 0.07211538461538461 0.07211538461538461
0 0.27403846153846156 0.12980769230769232 0.0625 0.10096153846153846
0 0.3858173076923077 0.28365384615384615 0.18269230769230768 0.15625
0 0.4795673076923077 0.8617788461538461 0.20192307692307693 0.07211538461538461
0 0.39783653846153844 0.7127403846153846 0.09134615384615384 0.09375
0 0.37259615384615385 0.8052884615384616 0.057692307692307696 0.028846153846153848
0 0.25 0.6778846153846154 0.07451923076923077 0.057692307692307696
0 0.26802884615384615 0.8088942307692307 0.14182692307692307 0.16826923076923078
0 0.13942307692307693 0.7788461538461539 0.10817307692307693 0.125