0 0.2764423076923077 0.453125 0.08173076923076923 0.11057692307692307
0 0.4543269230769231 0.6802884615384616 0.15144230769230768 0.1466346153846154
0 0.6346153846153846 0.7956730769230769 0.07692307692307693 0.09615384615384616
0 0.7512019230769231 0.8305288461538461 0.07211538461538461 0.07211538461538461
0 0.8701923076923077 0.7259615384615384 0.10096153846153846 0.0625
0 0.7163461538461539 0.6141826923076923 0.15625 0.18269230769230768
0 0.13822115384615385 0.5204326923076923 0.07211538461538461 0.20192307692307693
0 0.28725961538461536 0.6021634615384616 0.09375 0.09134615384615384
0 0.19471153846153846 0.6274038461538461 0.028846153846153848 0.057692307692307696
0 0.32211538461538464 0.75 0.057692307692307696 0.07451923076923077
0 0.19110576923076922 0.7319711538461539 0.16826923076923078 0.14182692307692307
0 0.22115384615384615 0.8605769230769231 0.125 0.10817307692307693