0 0.9447115384615384 0.27524038461538464 0.04326923076923077 0.052884615384615384
0 0.9627403846153846 0.42427884615384615 0.0625 0.06009615384615385
0 0.8365384615384616 0.31009615384615385 0.0625 0.1346153846153846
0 0.8317307692307693 0.5444711538461539 0.09134615384615384 0.10576923076923077
0 0.7512019230769231 0.3954326923076923 0.036057692307692304 0.07211538461538461
0 0.6887019230769231 0.2403846153846154 0.05048076923076923 0.07451923076923077
0 0.6213942307692307 0.27403846153846156 0.04326923076923077 0.08653846153846154
0 0.6165865384615384 0.46033653846153844 0.02403846153846154 0.04326923076923077
0 0.6262019230769231 0.5240384615384616 0.03125 0.052884615384615384
0 0.6153846153846154 0.6454326923076923 0.038461538461538464 0.125
0 0.28846153846153844 0.4050480769230769 0.055288461538461536 0.052884615384615384
0 0.3737980769230769 0.3389423076923077 0.03365384615384615 0.0625
0 0.49038461538461536 0.2932692307692308 0.02403846153846154 0.06490384615384616
0 0.43990384615384615 0.3125 0.06490384615384616 0.06971153846153846
0 0.5588942307692307 0.546875 0.057692307692307696 0.07692307692307693
0 0.5576923076923077 0.6322115384615384 0.07211538461538461 0.08413461538461539
0 0.47716346153846156 0.6298076923076923 0.055288461538461536 0.16826923076923078
0 0.5120192307692307 0.42427884615384615 0.12259615384615384 0.14423076923076922
0 0.3918269230769231 0.4855769230769231 0.09134615384615384 0.21634615384615385
0 0.2548076923076923 0.6622596153846154 0.1778846153846154 0.3557692307692308