0 0.49759615384615385 0.6730769230769231 0.04326923076923077 0.06009615384615385
0 0.22235576923076922 0.2932692307692308 0.14903846153846154 0.09375
0 0.1141826923076923 0.4795673076923077 0.11778846153846154 0.1466346153846154
0 0.17668269230769232 0.5913461538461539 0.057692307692307696 0.04326923076923077
0 0.008413461538461538 0.5637019230769231 0.01201923076923077 0.10336538461538461
0 0.015625 0.31971153846153844 0.026442307692307692 0.11538461538461539
0 0.3317307692307692 0.27283653846153844 0.028846153846153848 0.06009615384615385
0 0.2824519230769231 0.6478365384615384 0.04567307692307692 0.038461538461538464
0 0.3942307692307692 0.6730769230769231 0.07211538461538461 0.08653846153846154
0 0.3701923076923077 0.5733173076923077 0.03365384615384615 0.026442307692307692
0 0.0829326923076923 0.703125 0.04567307692307692 0.07211538461538461
0 0.16466346153846154 0.6899038461538461 0.055288461538461536 0.06009615384615385
0 0.0673076923076923 0.6237980769230769 0.08173076923076923 0.06009615384615385
0 0.03485576923076923 0.8004807692307693 0.06009615384615385 0.06009615384615385
0 0.03125 0.8677884615384616 0.052884615384615384 0.05048076923076923
0 0.2860576923076923 0.7896634615384616 0.12259615384615384 0.08653846153846154
0 0.33052884615384615 0.4483173076923077 0.1346153846153846 0.16346153846153846
0 0.23197115384615385 0.5877403846153846 0.02403846153846154 0.04326923076923077
0 0.31971153846153844 0.5853365384615384 0.038461538461538464 0.038461538461538464
0 0.43028846153846156 0.5144230769230769 0.055288461538461536 0.11057692307692307
0 0.4579326923076923 0.21634615384615385 0.15144230769230768 0.08653846153846154
0 0.5564903846153846 0.3449519230769231 0.2692307692307692 0.16346153846153846
0 0.7331730769230769 0.421875 0.0625 0.09615384615384616
0 0.9290865384615384 0.31490384615384615 0.08173076923076923 0.10336538461538461
0 0.47475961538461536 0.8052884615384616 0.21634615384615385 0.11538461538461539
0 0.7235576923076923 0.7127403846153846 0.052884615384615384 0.10096153846153846
0 0.7680288461538461 0.5697115384615384 0.08653846153846154 0.13942307692307693
0 0.8353365384615384 0.6081730769230769 0.03365384615384615 0.10336538461538461
0 0.8930288461538461 0.5637019230769231 0.06490384615384616 0.08173076923076923
0 0.8161057692307693 0.3870192307692308 0.052884615384615384 0.08653846153846154
0 0.8918269230769231 0.4362980769230769 0.08653846153846154 0.07211538461538461
0 0.7824519230769231 0.8497596153846154 0.25961538461538464 0.15865384615384615