0 0.5625 0.9771634615384616 0.07451923076923077 0.038461538461538464
0 0.2932692307692308 0.9242788461538461 0.11298076923076923 0.0673076923076923
0 0.36538461538461536 0.7524038461538461 0.10576923076923077 0.11057692307692307
0 0.45913461538461536 0.8125 0.08173076923076923 0.09615384615384616
0 0.42788461538461536 0.5120192307692307 0.08173076923076923 0.04326923076923077
0 0.4411057692307692 0.35697115384615385 0.0673076923076923 0.05048076923076923
0 0.6598557692307693 0.7391826923076923 0.09375 0.04326923076923077
0 0.5252403846153846 0.6971153846153846 0.13701923076923078 0.125
0 0.5745192307692307 0.6033653846153846 0.08653846153846154 0.04567307692307692
0 0.5528846153846154 0.4879807692307692 0.09375 0.07692307692307693
0 0.5973557692307693 0.20192307692307693 0.16826923076923078 0.3942307692307692
0 0.7151442307692307 0.039663461538461536 0.04326923076923077 0.04567307692307692
0 0.7247596153846154 0.15144230769230768 0.0625 0.0673076923076923