0 0.6730769230769231 0.5024038461538461 0.06009615384615385 0.04326923076923077
0 0.2932692307692308 0.7776442307692307 0.09375 0.14903846153846154
0 0.4795673076923077 0.8858173076923077 0.1466346153846154 0.11778846153846154
0 0.5913461538461539 0.8233173076923077 0.04326923076923077 0.057692307692307696
0 0.5637019230769231 0.9915865384615384 0.10336538461538461 0.01201923076923077
0 0.31971153846153844 0.984375 0.11538461538461539 0.026442307692307692
0 0.27283653846153844 0.6682692307692307 0.06009615384615385 0.028846153846153848
0 0.6478365384615384 0.7175480769230769 0.038461538461538464 0.04326923076923077
0 0.6730769230769231 0.6057692307692307 0.08653846153846154 0.07211538461538461
0 0.5733173076923077 0.6298076923076923 0.026442307692307692 0.03365384615384615
0 0.703125 0.9170673076923077 0.07211538461538461 0.04326923076923077
0 0.6899038461538461 0.8353365384615384 0.06009615384615385 0.055288461538461536
0 0.6237980769230769 0.9326923076923077 0.06009615384615385 0.08173076923076923
0 0.8004807692307693 0.9651442307692307 0.06009615384615385 0.06009615384615385
0 0.8677884615384616 0.96875 0.05048076923076923 0.052884615384615384
0 0.7896634615384616 0.7139423076923077 0.08653846153846154 0.12259615384615384
0 0.4483173076923077 0.6694711538461539 0.16346153846153846 0.1346153846153846
0 0.5877403846153846 0.7680288461538461 0.04326923076923077 0.02403846153846154
0 0.5853365384615384 0.6802884615384616 0.038461538461538464 0.038461538461538464
0 0.5144230769230769 0.5697115384615384 0.11057692307692307 0.055288461538461536
0 0.21634615384615385 0.5420673076923077 0.08653846153846154 0.14903846153846154
0 0.3449519230769231 0.44350961538461536 0.16346153846153846 0.2692307692307692
0 0.421875 0.2668269230769231 0.09615384615384616 0.0625
0 0.31490384615384615 0.07091346153846154 0.10336538461538461 0.08173076923076923
0 0.8052884615384616 0.5252403846153846 0.11538461538461539 0.21634615384615385
0 0.7127403846153846 0.2764423076923077 0.10096153846153846 0.052884615384615384
0 0.5697115384615384 0.23197115384615385 0.13942307692307693 0.08653846153846154
0 0.6081730769230769 0.16466346153846154 0.10336538461538461 0.03365384615384615
0 0.5637019230769231 0.10697115384615384 0.08173076923076923 0.06490384615384616
0 0.3870192307692308 0.18389423076923078 0.08653846153846154 0.052884615384615384
0 0.4362980769230769 0.10817307692307693 0.07211538461538461 0.08653846153846154
0 0.8497596153846154 0.21754807692307693 0.15865384615384615 0.25961538461538464