0 0.010817307692307692 0.03365384615384615 0.016826923076923076 0.0625
0 0.04567307692307692 0.140625 0.07692307692307693 0.11057692307692307
0 0.056490384615384616 0.8521634615384616 0.04326923076923077 0.08653846153846154
0 0.09735576923076923 0.8942307692307693 0.028846153846153848 0.057692307692307696
0 0.18389423076923078 0.90625 0.057692307692307696 0.09134615384615384
0 0.12139423076923077 0.8052884615384616 0.055288461538461536 0.07451923076923077
0 0.3737980769230769 0.8930288461538461 0.028846153846153848 0.06971153846153846
0 0.3918269230769231 0.9855769230769231 0.04326923076923077 0.02403846153846154
0 0.41466346153846156 0.8737980769230769 0.028846153846153848 0.08653846153846154
0 0.36778846153846156 0.640625 0.04326923076923077 0.125
0 0.26802884615384615 0.5552884615384616 0.08173076923076923 0.16346153846153846
0 0.16826923076923078 0.7632211538461539 0.028846153846153848 0.07932692307692307
0 0.16346153846153846 0.6322115384615384 0.09375 0.12740384615384615
0 0.0673076923076923 0.625 0.04567307692307692 0.13221153846153846
0 0.051682692307692304 0.41466346153846156 0.08173076923076923 0.22596153846153846
0 0.1658653846153846 0.4735576923076923 0.0673076923076923 0.11538461538461539
0 0.14423076923076922 0.3641826923076923 0.0625 0.06009615384615385
0 0.3389423076923077 0.4026442307692308 0.04807692307692308 0.07692307692307693
0 0.29086538461538464 0.3629807692307692 0.03125 0.04326923076923077
0 0.32091346153846156 0.3088942307692308 0.02403846153846154 0.06009615384615385
0 0.296875 0.18990384615384615 0.08413461538461539 0.15384615384615385
0 0.21634615384615385 0.23677884615384615 0.057692307692307696 0.07932692307692307
0 0.15144230769230768 0.27884615384615385 0.04807692307692308 0.06009615384615385
0 0.12259615384615384 0.21875 0.055288461538461536 0.057692307692307696
0 0.21394230769230768 0.3605769230769231 0.06490384615384616 0.08173076923076923