0 0.7295673076923077 0.9807692307692307 0.12740384615384615 0.03365384615384615
0 0.8269230769230769 0.8004807692307693 0.07451923076923077 0.0985576923076923
0 0.38461538461538464 0.9519230769230769 0.07692307692307693 0.052884615384615384
0 0.5504807692307693 0.7367788461538461 0.06971153846153846 0.036057692307692304
0 0.2608173076923077 0.6466346153846154 0.0625 0.055288461538461536
0 0.890625 0.6802884615384616 0.06971153846153846 0.057692307692307696
0 0.7680288461538461 0.6538461538461539 0.1346153846153846 0.10336538461538461
0 0.4567307692307692 0.5709134615384616 0.09615384615384616 0.052884615384615384
0 0.6105769230769231 0.06490384615384616 0.12980769230769232 0.10336538461538461
0 0.29447115384615385 0.02403846153846154 0.10096153846153846 0.04326923076923077
0 0.6382211538461539 0.37259615384615385 0.07211538461538461 0.04807692307692308
0 0.9074519230769231 0.5817307692307693 0.07451923076923077 0.04807692307692308
0 0.4831730769230769 0.3545673076923077 0.15865384615384615 0.052884615384615384
0 0.5216346153846154 0.4567307692307692 0.10576923076923077 0.04567307692307692
0 0.640625 0.21634615384615385 0.07692307692307693 0.040865384615384616
0 0.515625 0.2824519230769231 0.07692307692307693 0.057692307692307696
0 0.4326923076923077 0.14423076923076922 0.06009615384615385 0.05048076923076923
0 0.25721153846153844 0.15384615384615385 0.06971153846153846 0.040865384615384616
0 0.21995192307692307 0.4519230769230769 0.20673076923076922 0.2091346153846154
0 0.23197115384615385 0.22716346153846154 0.08653846153846154 0.052884615384615384
0 0.12980769230769232 0.8689903846153846 0.04326923076923077 0.038461538461538464
0 0.6514423076923077 0.7860576923076923 0.04326923076923077 0.04807692307692308
0 0.9026442307692307 0.8665865384615384 0.05048076923076923 0.057692307692307696