0 0.4651442307692308 0.9314903846153846 0.08173076923076923 0.0625
0 0.1971153846153846 0.7415865384615384 0.04326923076923077 0.04326923076923077
0 0.07451923076923077 0.6334134615384616 0.052884615384615384 0.12740384615384615
0 0.19831730769230768 0.5252403846153846 0.04567307692307692 0.04567307692307692
0 0.24639423076923078 0.6057692307692307 0.0673076923076923 0.07692307692307693
0 0.24158653846153846 0.3161057692307692 0.055288461538461536 0.10096153846153846
0 0.8629807692307693 0.054086538461538464 0.06490384615384616 0.057692307692307696
0 0.8834134615384616 0.21995192307692307 0.057692307692307696 0.07211538461538461
0 0.9098557692307693 0.41947115384615385 0.03125 0.05048076923076923
0 0.875 0.5252403846153846 0.07451923076923077 0.07211538461538461
0 0.7680288461538461 0.5420673076923077 0.07211538461538461 0.055288461538461536
0 0.4411057692307692 0.31971153846153844 0.16826923076923078 0.10096153846153846
0 0.7007211538461539 0.7692307692307693 0.057692307692307696 0.0673076923076923
0 0.5168269230769231 0.7091346153846154 0.0673076923076923 0.07451923076923077
0 0.6057692307692307 0.5805288461538461 0.16826923076923078 0.10576923076923077
0 0.5733173076923077 0.47115384615384615 0.07451923076923077 0.052884615384615384
0 0.4182692307692308 0.5012019230769231 0.10576923076923077 0.125