0 0.7307692307692307 0.9014423076923077 0.057692307692307696 0.10576923076923077
0 0.8725961538461539 0.6947115384615384 0.03365384615384615 0.052884615384615384
0 0.6286057692307693 0.8569711538461539 0.052884615384615384 0.0625
0 0.7728365384615384 0.6430288461538461 0.026442307692307692 0.05048076923076923
0 0.6346153846153846 0.15745192307692307 0.021634615384615384 0.038461538461538464
0 0.4411057692307692 0.39903846153846156 0.038461538461538464 0.057692307692307696
0 0.5817307692307693 0.21875 0.04326923076923077 0.08653846153846154
0 0.7091346153846154 0.6394230769230769 0.03365384615384615 0.057692307692307696
0 0.6550480769230769 0.6117788461538461 0.038461538461538464 0.06009615384615385
0 0.6766826923076923 0.5348557692307693 0.038461538461538464 0.0625
0 0.5709134615384616 0.41346153846153844 0.18269230769230768 0.16346153846153846
0 0.5745192307692307 0.5949519230769231 0.11298076923076923 0.19230769230769232