0 0.2692307692307692 0.0985576923076923 0.057692307692307696 0.10576923076923077
0 0.12740384615384615 0.30528846153846156 0.03365384615384615 0.052884615384615384
0 0.3713942307692308 0.14302884615384615 0.052884615384615384 0.0625
0 0.22716346153846154 0.35697115384615385 0.026442307692307692 0.05048076923076923
0 0.36538461538461536 0.8425480769230769 0.021634615384615384 0.038461538461538464
0 0.5588942307692307 0.6009615384615384 0.038461538461538464 0.057692307692307696
0 0.4182692307692308 0.78125 0.04326923076923077 0.08653846153846154
0 0.29086538461538464 0.3605769230769231 0.03365384615384615 0.057692307692307696
0 0.3449519230769231 0.38822115384615385 0.038461538461538464 0.06009615384615385
0 0.3233173076923077 0.4651442307692308 0.038461538461538464 0.0625
0 0.42908653846153844 0.5865384615384616 0.18269230769230768 0.16346153846153846
0 0.4254807692307692 0.4050480769230769 0.11298076923076923 0.19230769230769232