0 0.12860576923076922 0.8100961538461539 0.0625 0.055288461538461536
0 0.0625 0.6165865384615384 0.0673076923076923 0.04326923076923077
0 0.11538461538461539 0.7367788461538461 0.07932692307692307 0.04807692307692308
0 0.21153846153846154 0.9759615384615384 0.09134615384615384 0.04326923076923077
0 0.3293269230769231 0.8245192307692307 0.07211538461538461 0.055288461538461536
0 0.43990384615384615 0.8677884615384616 0.08173076923076923 0.0625
0 0.6658653846153846 0.8088942307692307 0.057692307692307696 0.052884615384615384
0 0.3942307692307692 0.6911057692307693 0.17548076923076922 0.08653846153846154
0 0.19591346153846154 0.6478365384615384 0.055288461538461536 0.040865384615384616
0 0.2620192307692308 0.5552884615384616 0.09134615384615384 0.11538461538461539
0 0.3016826923076923 0.3401442307692308 0.13221153846153846 0.18269230769230768
0 0.5697115384615384 0.5721153846153846 0.11057692307692307 0.08653846153846154
0 0.7632211538461539 0.5504807692307693 0.057692307692307696 0.052884615384615384
0 0.49158653846153844 0.32211538461538464 0.055288461538461536 0.052884615384615384
0 0.5012019230769231 0.1814903846153846 0.07932692307692307 0.09134615384615384