0 0.5108173076923077 0.1141826923076923 0.0673076923076923 0.07211538461538461
0 0.46634615384615385 0.8605769230769231 0.04326923076923077 0.0625
0 0.45552884615384615 0.9314903846153846 0.057692307692307696 0.04567307692307692
0 0.53125 0.9026442307692307 0.0625 0.0625
0 0.6887019230769231 0.9435096153846154 0.08413461538461539 0.052884615384615384
0 0.609375 0.18509615384615385 0.05048076923076923 0.07211538461538461
0 0.4891826923076923 0.33774038461538464 0.22596153846153846 0.1346153846153846
0 0.5168269230769231 0.4338942307692308 0.09134615384615384 0.03365384615384615
0 0.4182692307692308 0.5456730769230769 0.15144230769230768 0.14182692307692307
0 0.5504807692307693 0.49399038461538464 0.057692307692307696 0.038461538461538464
0 0.5949519230769231 0.5600961538461539 0.0673076923076923 0.04567307692307692
0 0.5564903846153846 0.6586538461538461 0.20192307692307693 0.07451923076923077
0 0.7391826923076923 0.7620192307692307 0.13942307692307693 0.09134615384615384
0 0.7139423076923077 0.6502403846153846 0.057692307692307696 0.05048076923076923
0 0.6887019230769231 0.4495192307692308 0.07211538461538461 0.07451923076923077