0 0.6923076923076923 0.9266826923076923 0.12980769230769232 0.07451923076923077
0 0.5745192307692307 0.8605769230769231 0.10576923076923077 0.125
0 0.6009615384615384 0.7319711538461539 0.10096153846153846 0.11057692307692307
0 0.49399038461538464 0.75 0.052884615384615384 0.038461538461538464
0 0.7451923076923077 0.6887019230769231 0.18990384615384615 0.11057692307692307
0 0.6334134615384616 0.5649038461538461 0.09615384615384616 0.08173076923076923
0 0.33413461538461536 0.4831730769230769 0.06490384615384616 0.038461538461538464
0 0.7992788461538461 0.41225961538461536 0.07211538461538461 0.05048076923076923
0 0.6237980769230769 0.3701923076923077 0.10096153846153846 0.052884615384615384
0 0.45913461538461536 0.4254807692307692 0.10096153846153846 0.05048076923076923
0 0.38461538461538464 0.296875 0.14182692307692307 0.07211538461538461
0 0.38221153846153844 0.22716346153846154 0.10096153846153846 0.038461538461538464
0 0.39302884615384615 0.09014423076923077 0.15865384615384615 0.06009615384615385
0 0.6033653846153846 0.04447115384615385 0.07211538461538461 0.038461538461538464
0 0.7512019230769231 0.23197115384615385 0.09615384615384616 0.057692307692307696
0 0.6622596153846154 0.14182692307692307 0.11778846153846154 0.0625