0 0.16105769230769232 0.29927884615384615 0.052884615384615384 0.07692307692307693
0 0.5456730769230769 0.07211538461538461 0.040865384615384616 0.04807692307692308
0 0.49759615384615385 0.36177884615384615 0.06971153846153846 0.07211538461538461
0 0.6274038461538461 0.6838942307692307 0.0673076923076923 0.09134615384615384
0 0.3485576923076923 0.33413461538461536 0.057692307692307696 0.0673076923076923
0 0.27163461538461536 0.3629807692307692 0.0625 0.07211538461538461
0 0.24278846153846154 0.4807692307692308 0.07932692307692307 0.09134615384615384
0 0.3317307692307692 0.5649038461538461 0.08173076923076923 0.1201923076923077
0 0.4074519230769231 0.4543269230769231 0.0985576923076923 0.05048076923076923
0 0.4182692307692308 0.5588942307692307 0.036057692307692304 0.0625
0 0.5997596153846154 0.4254807692307692 0.10576923076923077 0.08173076923076923