0 0.8389423076923077 0.7007211538461539 0.052884615384615384 0.07692307692307693
0 0.4543269230769231 0.9278846153846154 0.040865384615384616 0.04807692307692308
0 0.5024038461538461 0.6382211538461539 0.06971153846153846 0.07211538461538461
0 0.37259615384615385 0.3161057692307692 0.0673076923076923 0.09134615384615384
0 0.6514423076923077 0.6658653846153846 0.057692307692307696 0.0673076923076923
0 0.7283653846153846 0.6370192307692307 0.0625 0.07211538461538461
0 0.7572115384615384 0.5192307692307693 0.07932692307692307 0.09134615384615384
0 0.6682692307692307 0.43509615384615385 0.08173076923076923 0.1201923076923077
0 0.5925480769230769 0.5456730769230769 0.0985576923076923 0.05048076923076923
0 0.5817307692307693 0.4411057692307692 0.036057692307692304 0.0625
0 0.40024038461538464 0.5745192307692307 0.10576923076923077 0.08173076923076923