0 0.15144230769230768 0.7439903846153846 0.06009615384615385 0.09615384615384616
0 0.16826923076923078 0.6069711538461539 0.052884615384615384 0.08173076923076923
0 0.26322115384615385 0.4963942307692308 0.07932692307692307 0.1346153846153846
0 0.3473557692307692 0.41225961538461536 0.0625 0.1201923076923077
0 0.39663461538461536 0.6502403846153846 0.038461538461538464 0.06009615384615385
0 0.44471153846153844 0.4014423076923077 0.08653846153846154 0.1346153846153846
0 0.5300480769230769 0.5709134615384616 0.17307692307692307 0.13942307692307693
0 0.5673076923076923 0.3942307692307692 0.0673076923076923 0.125
0 0.9759615384615384 0.2920673076923077 0.04326923076923077 0.1346153846153846
0 0.6730769230769231 0.39302884615384615 0.0985576923076923 0.11538461538461539
0 0.7620192307692307 0.4651442307692308 0.07211538461538461 0.07692307692307693
0 0.8353365384615384 0.32572115384615385 0.18269230769230768 0.15865384615384615