0 0.15144230769230768 0.25600961538461536 0.06009615384615385 0.09615384615384616
0 0.16826923076923078 0.39302884615384615 0.052884615384615384 0.08173076923076923
0 0.26322115384615385 0.5036057692307693 0.07932692307692307 0.1346153846153846
0 0.3473557692307692 0.5877403846153846 0.0625 0.1201923076923077
0 0.39663461538461536 0.34975961538461536 0.038461538461538464 0.06009615384615385
0 0.44471153846153844 0.5985576923076923 0.08653846153846154 0.1346153846153846
0 0.5300480769230769 0.42908653846153844 0.17307692307692307 0.13942307692307693
0 0.5673076923076923 0.6057692307692307 0.0673076923076923 0.125
0 0.9759615384615384 0.7079326923076923 0.04326923076923077 0.1346153846153846
0 0.6730769230769231 0.6069711538461539 0.0985576923076923 0.11538461538461539
0 0.7620192307692307 0.5348557692307693 0.07211538461538461 0.07692307692307693
0 0.8353365384615384 0.6742788461538461 0.18269230769230768 0.15865384615384615