1 0.23677884615384615 0.17548076923076922 0.038461538461538464 0.028846153846153848
1 0.28846153846153844 0.5048076923076923 0.028846153846153848 0.028846153846153848
1 0.3485576923076923 0.4855769230769231 0.038461538461538464 0.038461538461538464
1 0.5252403846153846 0.5913461538461539 0.016826923076923076 0.028846153846153848
1 0.41225961538461536 0.5420673076923077 0.05048076923076923 0.038461538461538464
1 0.4098557692307692 0.4795673076923077 0.06009615384615385 0.04807692307692308
1 0.43149038461538464 0.3798076923076923 0.028846153846153848 0.038461538461538464
1 0.4795673076923077 0.3401442307692308 0.038461538461538464 0.038461538461538464
1 0.5637019230769231 0.5649038461538461 0.03365384615384615 0.028846153846153848
1 0.7211538461538461 0.5288461538461539 0.016826923076923076 0.028846153846153848
1 0.6334134615384616 0.4567307692307692 0.026442307692307692 0.03365384615384615
1 0.5769230769230769 0.3713942307692308 0.13942307692307693 0.125
1 0.47836538461538464 0.41346153846153844 0.038461538461538464 0.038461538461538464
1 0.6670673076923077 0.39302884615384615 0.026442307692307692 0.052884615384615384