1 0.5973557692307693 0.16706730769230768 0.052884615384615384 0.03365384615384615
1 0.359375 0.2692307692307692 0.0625 0.03125
1 0.3161057692307692 0.4855769230769231 0.052884615384615384 0.03365384615384615
1 0.45913461538461536 0.6045673076923077 0.04326923076923077 0.03365384615384615
1 0.6766826923076923 0.47596153846153844 0.04807692307692308 0.021634615384615384
1 0.5733173076923077 0.9002403846153846 0.052884615384615384 0.02403846153846154
1 0.1045673076923077 0.6081730769230769 0.057692307692307696 0.014423076923076924
1 0.1045673076923077 0.6730769230769231 0.04807692307692308 0.03365384615384615
1 0.22355769230769232 0.6189903846153846 0.04807692307692308 0.03125
1 0.08052884615384616 0.5552884615384616 0.038461538461538464 0.03365384615384615
1 0.7596153846153846 0.4543269230769231 0.04326923076923077 0.028846153846153848
1 0.2403846153846154 0.35336538461538464 0.03365384615384615 0.02403846153846154
1 0.2956730769230769 0.3737980769230769 0.038461538461538464 0.028846153846153848
1 0.21875 0.3870192307692308 0.038461538461538464 0.03125
1 0.16947115384615385 0.3293269230769231 0.03365384615384615 0.028846153846153848
1 0.15745192307692307 0.2668269230769231 0.028846153846153848 0.028846153846153848
1 0.10697115384615384 0.3581730769230769 0.04326923076923077 0.03365384615384615
1 0.7067307692307693 0.24879807692307693 0.04326923076923077 0.028846153846153848
1 0.7860576923076923 0.24639423076923078 0.028846153846153848 0.03125
1 0.7956730769230769 0.3088942307692308 0.04807692307692308 0.038461538461538464
1 0.8882211538461539 0.3161057692307692 0.04326923076923077 0.038461538461538464
1 0.5600961538461539 0.7091346153846154 0.07211538461538461 0.03125
1 0.5853365384615384 0.8028846153846154 0.0673076923076923 0.038461538461538464
1 0.28846153846153844 0.6177884615384616 0.04326923076923077 0.040865384615384616
1 0.3329326923076923 0.7067307692307693 0.04807692307692308 0.03125
1 0.39783653846153844 0.6622596153846154 0.052884615384615384 0.02403846153846154