1 0.4026442307692308 0.8329326923076923 0.052884615384615384 0.03365384615384615
1 0.640625 0.7307692307692307 0.0625 0.03125
1 0.6838942307692307 0.5144230769230769 0.052884615384615384 0.03365384615384615
1 0.5408653846153846 0.3954326923076923 0.04326923076923077 0.03365384615384615
1 0.3233173076923077 0.5240384615384616 0.04807692307692308 0.021634615384615384
1 0.4266826923076923 0.09975961538461539 0.052884615384615384 0.02403846153846154
1 0.8954326923076923 0.3918269230769231 0.057692307692307696 0.014423076923076924
1 0.8954326923076923 0.3269230769230769 0.04807692307692308 0.03365384615384615
1 0.7764423076923077 0.38100961538461536 0.04807692307692308 0.03125
1 0.9194711538461539 0.44471153846153844 0.038461538461538464 0.03365384615384615
1 0.2403846153846154 0.5456730769230769 0.04326923076923077 0.028846153846153848
1 0.7596153846153846 0.6466346153846154 0.03365384615384615 0.02403846153846154
1 0.7043269230769231 0.6262019230769231 0.038461538461538464 0.028846153846153848
1 0.78125 0.6129807692307693 0.038461538461538464 0.03125
1 0.8305288461538461 0.6706730769230769 0.03365384615384615 0.028846153846153848
1 0.8425480769230769 0.7331730769230769 0.028846153846153848 0.028846153846153848
1 0.8930288461538461 0.6418269230769231 0.04326923076923077 0.03365384615384615
1 0.2932692307692308 0.7512019230769231 0.04326923076923077 0.028846153846153848
1 0.21394230769230768 0.7536057692307693 0.028846153846153848 0.03125
1 0.20432692307692307 0.6911057692307693 0.04807692307692308 0.038461538461538464
1 0.11177884615384616 0.6838942307692307 0.04326923076923077 0.038461538461538464
1 0.43990384615384615 0.29086538461538464 0.07211538461538461 0.03125
1 0.41466346153846156 0.1971153846153846 0.0673076923076923 0.038461538461538464
1 0.7115384615384616 0.38221153846153844 0.04326923076923077 0.040865384615384616
1 0.6670673076923077 0.2932692307692308 0.04807692307692308 0.03125
1 0.6021634615384616 0.33774038461538464 0.052884615384615384 0.02403846153846154