0 0.10216346153846154 0.5709134615384616 0.038461538461538464 0.052884615384615384
0 0.7451923076923077 0.6742788461538461 0.05048076923076923 0.06009615384615385
0 0.40384615384615385 0.6370192307692307 0.0625 0.08653846153846154
0 0.6514423076923077 0.5769230769230769 0.07211538461538461 0.08653846153846154
0 0.5588942307692307 0.4891826923076923 0.07211538461538461 0.0889423076923077
0 0.7091346153846154 0.4254807692307692 0.10576923076923077 0.0889423076923077
0 0.27524038461538464 0.19591346153846154 0.04326923076923077 0.057692307692307696
0 0.4230769230769231 0.26322115384615385 0.04567307692307692 0.11538461538461539
0 0.37740384615384615 0.17307692307692307 0.03365384615384615 0.038461538461538464
0 0.32572115384615385 0.21514423076923078 0.038461538461538464 0.04567307692307692
0 0.5949519230769231 0.27283653846153844 0.04326923076923077 0.052884615384615384
0 0.6322115384615384 0.17427884615384615 0.25 0.14182692307692307
0 0.828125 0.6694711538461539 0.09375 0.09134615384615384
0 0.4362980769230769 0.7584134615384616 0.057692307692307696 0.07692307692307693
0 0.32572115384615385 0.7752403846153846 0.04807692307692308 0.0625
0 0.4951923076923077 0.3641826923076923 0.057692307692307696 0.06009615384615385