0 0.42908653846153844 0.8978365384615384 0.052884615384615384 0.038461538461538464
0 0.32572115384615385 0.2548076923076923 0.06009615384615385 0.05048076923076923
0 0.3629807692307692 0.5961538461538461 0.08653846153846154 0.0625
0 0.4230769230769231 0.3485576923076923 0.08653846153846154 0.07211538461538461
0 0.5108173076923077 0.4411057692307692 0.0889423076923077 0.07211538461538461
0 0.5745192307692307 0.29086538461538464 0.0889423076923077 0.10576923076923077
0 0.8040865384615384 0.7247596153846154 0.057692307692307696 0.04326923076923077
0 0.7367788461538461 0.5769230769230769 0.11538461538461539 0.04567307692307692
0 0.8269230769230769 0.6225961538461539 0.038461538461538464 0.03365384615384615
0 0.7848557692307693 0.6742788461538461 0.04567307692307692 0.038461538461538464
0 0.7271634615384616 0.4050480769230769 0.052884615384615384 0.04326923076923077
0 0.8257211538461539 0.36778846153846156 0.14182692307692307 0.25
0 0.33052884615384615 0.171875 0.09134615384615384 0.09375
0 0.24158653846153846 0.5637019230769231 0.07692307692307693 0.057692307692307696
0 0.2247596153846154 0.6742788461538461 0.0625 0.04807692307692308
0 0.6358173076923077 0.5048076923076923 0.06009615384615385 0.057692307692307696