1 0.5709134615384616 0.3762019230769231 0.038461538461538464 0.02403846153846154
1 0.6838942307692307 0.5072115384615384 0.038461538461538464 0.028846153846153848
1 0.6586538461538461 0.5540865384615384 0.038461538461538464 0.028846153846153848
1 0.7103365384615384 0.5805288461538461 0.038461538461538464 0.021634615384615384
1 0.5793269230769231 0.5036057692307693 0.052884615384615384 0.028846153846153848
1 0.28966346153846156 0.6502403846153846 0.038461538461538464 0.03365384615384615
1 0.25721153846153844 0.6766826923076923 0.02403846153846154 0.03365384615384615
1 0.5733173076923077 0.6454326923076923 0.052884615384615384 0.026442307692307692
1 0.5540865384615384 0.6754807692307693 0.038461538461538464 0.02403846153846154
1 0.48197115384615385 0.44711538461538464 0.06009615384615385 0.028846153846153848
1 0.5264423076923077 0.5240384615384616 0.04326923076923077 0.03365384615384615
1 0.5300480769230769 0.5829326923076923 0.08173076923076923 0.07211538461538461
1 0.4110576923076923 0.47836538461538464 0.0625 0.04807692307692308
1 0.4014423076923077 0.5456730769230769 0.15384615384615385 0.07211538461538461
1 0.34615384615384615 0.4795673076923077 0.038461538461538464 0.03365384615384615
1 0.38822115384615385 0.6141826923076923 0.09134615384615384 0.057692307692307696