1 0.0829326923076923 0.6754807692307693 0.0625 0.02403846153846154
1 0.10216346153846154 0.7331730769230769 0.06009615384615385 0.038461538461538464
1 0.40384615384615385 0.09615384615384616 0.14903846153846154 0.052884615384615384
1 0.5324519230769231 0.296875 0.22596153846153846 0.1201923076923077
1 0.29927884615384615 0.24639423076923078 0.08653846153846154 0.052884615384615384
1 0.5144230769230769 0.4338942307692308 0.09134615384615384 0.07211538461538461
1 0.609375 0.39302884615384615 0.0625 0.06009615384615385
1 0.7163461538461539 0.34134615384615385 0.125 0.08173076923076923
1 0.7740384615384616 0.47475961538461536 0.24759615384615385 0.17067307692307693
1 0.5552884615384616 0.5204326923076923 0.09375 0.052884615384615384
1 0.6201923076923077 0.6370192307692307 0.0673076923076923 0.08653846153846154
1 0.24759615384615385 0.43509615384615385 0.1778846153846154 0.13701923076923078
1 0.39783653846153844 0.45552884615384615 0.09375 0.057692307692307696
1 0.4338942307692308 0.7211538461538461 0.15865384615384615 0.0625
1 0.42908653846153844 0.5516826923076923 0.14903846153846154 0.125
1 0.1622596153846154 0.5384615384615384 0.08653846153846154 0.0625
1 0.07091346153846154 0.5300480769230769 0.06490384615384616 0.09375
1 0.2776442307692308 0.6213942307692307 0.13701923076923078 0.18269230769230768
1 0.16466346153846154 0.7463942307692307 0.04807692307692308 0.06009615384615385
1 0.3125 0.796875 0.052884615384615384 0.04807692307692308
1 0.16466346153846154 0.5961538461538461 0.08173076923076923 0.04567307692307692
1 0.4699519230769231 0.6430288461538461 0.13701923076923078 0.06009615384615385