1 0.6754807692307693 0.9170673076923077 0.02403846153846154 0.0625
1 0.7331730769230769 0.8978365384615384 0.038461538461538464 0.06009615384615385
1 0.09615384615384616 0.5961538461538461 0.052884615384615384 0.14903846153846154
1 0.296875 0.4675480769230769 0.1201923076923077 0.22596153846153846
1 0.24639423076923078 0.7007211538461539 0.052884615384615384 0.08653846153846154
1 0.4338942307692308 0.4855769230769231 0.07211538461538461 0.09134615384615384
1 0.39302884615384615 0.390625 0.06009615384615385 0.0625
1 0.34134615384615385 0.28365384615384615 0.08173076923076923 0.125
1 0.47475961538461536 0.22596153846153846 0.16826923076923078 0.24759615384615385
1 0.5204326923076923 0.44471153846153844 0.052884615384615384 0.09375
1 0.6370192307692307 0.3798076923076923 0.08653846153846154 0.0673076923076923
1 0.43509615384615385 0.7524038461538461 0.13701923076923078 0.1778846153846154
1 0.45552884615384615 0.6021634615384616 0.057692307692307696 0.09375
1 0.7211538461538461 0.5661057692307693 0.0625 0.15865384615384615
1 0.5516826923076923 0.5709134615384616 0.125 0.14903846153846154
1 0.5384615384615384 0.8377403846153846 0.0625 0.08653846153846154
1 0.5300480769230769 0.9290865384615384 0.09375 0.06490384615384616
1 0.6213942307692307 0.7223557692307693 0.18269230769230768 0.13701923076923078
1 0.7463942307692307 0.8353365384615384 0.06009615384615385 0.04807692307692308
1 0.796875 0.6875 0.04807692307692308 0.052884615384615384
1 0.5961538461538461 0.8353365384615384 0.04807692307692308 0.08173076923076923
1 0.6430288461538461 0.5300480769230769 0.06009615384615385 0.13701923076923078