0 0.1814903846153846 0.3401442307692308 0.03365384615384615 0.04567307692307692
0 0.18028846153846154 0.46153846153846156 0.03365384615384615 0.03365384615384615
0 0.24278846153846154 0.3605769230769231 0.04326923076923077 0.0625
0 0.2692307692307692 0.43149038461538464 0.03365384615384615 0.04326923076923077
0 0.3233173076923077 0.4807692307692308 0.038461538461538464 0.09134615384615384
0 0.32091346153846156 0.3762019230769231 0.03365384615384615 0.057692307692307696
0 0.4230769230769231 0.31850961538461536 0.036057692307692304 0.0625
0 0.41225961538461536 0.48677884615384615 0.07211538461538461 0.10576923076923077
0 0.46875 0.3425480769230769 0.03365384615384615 0.07211538461538461
0 0.5 0.4807692307692308 0.03365384615384615 0.08413461538461539
0 0.578125 0.5276442307692307 0.057692307692307696 0.04807692307692308
0 0.5769230769230769 0.24759615384615385 0.07211538461538461 0.10576923076923077
0 0.6682692307692307 0.20552884615384615 0.055288461538461536 0.09615384615384616
0 0.7463942307692307 0.2439903846153846 0.04807692307692308 0.09375
0 0.7091346153846154 0.4879807692307692 0.12259615384615384 0.10576923076923077
0 0.9819711538461539 0.38461538461538464 0.03365384615384615 0.08173076923076923
0 0.7115384615384616 0.7860576923076923 0.04807692307692308 0.10096153846153846
0 0.7127403846153846 0.9074519230769231 0.02403846153846154 0.026442307692307692
0 0.7403846153846154 0.9627403846153846 0.02403846153846154 0.038461538461538464
0 0.8197115384615384 0.9399038461538461 0.028846153846153848 0.03365384615384615
0 0.7704326923076923 0.8509615384615384 0.014423076923076924 0.04326923076923077