0 0.6262019230769231 0.16105769230769232 0.04326923076923077 0.04807692307692308
0 0.5661057692307693 0.23677884615384615 0.0673076923076923 0.02403846153846154
0 0.8353365384615384 0.22596153846153846 0.057692307692307696 0.04567307692307692
0 0.7728365384615384 0.36177884615384615 0.055288461538461536 0.052884615384615384
0 0.6790865384615384 0.4543269230769231 0.028846153846153848 0.038461538461538464
0 0.7836538461538461 0.5036057692307693 0.08653846153846154 0.07692307692307693
0 0.6550480769230769 0.5228365384615384 0.0673076923076923 0.03125
0 0.4831730769230769 0.6009615384615384 0.09134615384615384 0.04326923076923077
0 0.7199519230769231 0.6514423076923077 0.052884615384615384 0.03125
0 0.6286057692307693 0.6382211538461539 0.057692307692307696 0.028846153846153848
0 0.5901442307692307 0.6814903846153846 0.052884615384615384 0.03125
0 0.5060096153846154 0.7055288461538461 0.057692307692307696 0.040865384615384616
0 0.6850961538461539 0.7319711538461539 0.057692307692307696 0.03365384615384615
0 0.7992788461538461 0.6947115384615384 0.06490384615384616 0.07692307692307693
0 0.7872596153846154 0.8786057692307693 0.06490384615384616 0.03365384615384615
0 0.6911057692307693 0.8125 0.055288461538461536 0.03365384615384615
0 0.16826923076923078 0.9411057692307693 0.07211538461538461 0.052884615384615384
0 0.2704326923076923 0.6682692307692307 0.0673076923076923 0.038461538461538464
0 0.3449519230769231 0.5625 0.05048076923076923 0.036057692307692304
0 0.23076923076923078 0.5685096153846154 0.0985576923076923 0.057692307692307696
0 0.16706730769230768 0.7800480769230769 0.04326923076923077 0.03125
0 0.15745192307692307 0.4891826923076923 0.07211538461538461 0.057692307692307696
0 0.29447115384615385 0.5024038461538461 0.0673076923076923 0.03125
0 0.2956730769230769 0.4411057692307692 0.06490384615384616 0.04326923076923077
0 0.22716346153846154 0.4879807692307692 0.026442307692307692 0.019230769230769232
0 0.2127403846153846 0.4014423076923077 0.04326923076923077 0.036057692307692304
0 0.22355769230769232 0.30649038461538464 0.0673076923076923 0.0673076923076923
0 0.06490384615384616 0.3016826923076923 0.0625 0.052884615384615384
0 0.1310096153846154 0.22956730769230768 0.07932692307692307 0.052884615384615384
0 0.052884615384615384 0.234375 0.04567307692307692 0.028846153846153848
0 0.11298076923076923 0.109375 0.06971153846153846 0.06009615384615385
0 0.05048076923076923 0.057692307692307696 0.038461538461538464 0.02403846153846154
0 0.010817307692307692 0.15264423076923078 0.019230769230769232 0.04326923076923077