0 0.3737980769230769 0.8389423076923077 0.04326923076923077 0.04807692307692308
0 0.4338942307692308 0.7632211538461539 0.0673076923076923 0.02403846153846154
0 0.16466346153846154 0.7740384615384616 0.057692307692307696 0.04567307692307692
0 0.22716346153846154 0.6382211538461539 0.055288461538461536 0.052884615384615384
0 0.32091346153846156 0.5456730769230769 0.028846153846153848 0.038461538461538464
0 0.21634615384615385 0.4963942307692308 0.08653846153846154 0.07692307692307693
0 0.3449519230769231 0.47716346153846156 0.0673076923076923 0.03125
0 0.5168269230769231 0.39903846153846156 0.09134615384615384 0.04326923076923077
0 0.2800480769230769 0.3485576923076923 0.052884615384615384 0.03125
0 0.3713942307692308 0.36177884615384615 0.057692307692307696 0.028846153846153848
0 0.4098557692307692 0.31850961538461536 0.052884615384615384 0.03125
0 0.49399038461538464 0.29447115384615385 0.057692307692307696 0.040865384615384616
0 0.31490384615384615 0.26802884615384615 0.06009615384615385 0.03365384615384615
0 0.20072115384615385 0.30528846153846156 0.06490384615384616 0.07692307692307693
0 0.2127403846153846 0.12139423076923077 0.06490384615384616 0.03365384615384615
0 0.3088942307692308 0.1875 0.055288461538461536 0.03365384615384615
0 0.8317307692307693 0.05889423076923077 0.07211538461538461 0.052884615384615384
0 0.7295673076923077 0.3317307692307692 0.0673076923076923 0.038461538461538464
0 0.6550480769230769 0.4375 0.05048076923076923 0.036057692307692304
0 0.7692307692307693 0.43149038461538464 0.0985576923076923 0.057692307692307696
0 0.8329326923076923 0.21995192307692307 0.04326923076923077 0.03125
0 0.8425480769230769 0.5108173076923077 0.07211538461538461 0.057692307692307696
0 0.7055288461538461 0.49759615384615385 0.0673076923076923 0.03125
0 0.7043269230769231 0.5588942307692307 0.06490384615384616 0.04326923076923077
0 0.7728365384615384 0.5120192307692307 0.026442307692307692 0.021634615384615384
0 0.7872596153846154 0.5985576923076923 0.04326923076923077 0.036057692307692304
0 0.7764423076923077 0.6935096153846154 0.0673076923076923 0.0673076923076923
0 0.9350961538461539 0.6983173076923077 0.0625 0.052884615384615384
0 0.8689903846153846 0.7704326923076923 0.07932692307692307 0.052884615384615384
0 0.9471153846153846 0.765625 0.04567307692307692 0.028846153846153848
0 0.8870192307692307 0.890625 0.06971153846153846 0.06009615384615385
0 0.9495192307692307 0.9423076923076923 0.038461538461538464 0.02403846153846154
0 0.9891826923076923 0.8473557692307693 0.019230769230769232 0.04326923076923077