0 0.6081730769230769 0.8713942307692307 0.07211538461538461 0.0625
0 0.5997596153846154 0.765625 0.07211538461538461 0.02403846153846154
0 0.6141826923076923 0.7223557692307693 0.04807692307692308 0.038461538461538464
0 0.6622596153846154 0.6814903846153846 0.04807692307692308 0.02403846153846154
0 0.15264423076923078 0.6887019230769231 0.04807692307692308 0.04807692307692308
0 0.21754807692307693 0.6598557692307693 0.052884615384615384 0.04326923076923077
0 0.5420673076923077 0.5588942307692307 0.04807692307692308 0.057692307692307696
0 0.5685096153846154 0.42788461538461536 0.10096153846153846 0.14182692307692307
0 0.27283653846153844 0.171875 0.052884615384615384 0.040865384615384616
0 0.48677884615384615 0.057692307692307696 0.04326923076923077 0.028846153846153848
0 0.6141826923076923 0.006009615384615385 0.04326923076923077 0.009615384615384616
0 0.8137019230769231 0.013221153846153846 0.057692307692307696 0.02403846153846154
0 0.7992788461538461 0.052884615384615384 0.038461538461538464 0.02403846153846154
0 0.7175480769230769 0.11177884615384616 0.038461538461538464 0.03125
0 0.6682692307692307 0.140625 0.028846153846153848 0.02403846153846154
0 0.6129807692307693 0.18629807692307693 0.04326923076923077 0.04567307692307692
0 0.5685096153846154 0.21514423076923078 0.04807692307692308 0.040865384615384616
0 0.6081730769230769 0.2704326923076923 0.0673076923076923 0.06009615384615385
0 0.6658653846153846 0.2283653846153846 0.038461538461538464 0.036057692307692304