1 0.734375 0.27403846153846156 0.08173076923076923 0.038461538461538464
1 0.5084134615384616 0.9723557692307693 0.07692307692307693 0.03365384615384615
1 0.4375 0.8509615384615384 0.052884615384615384 0.028846153846153848
1 0.546875 0.8497596153846154 0.052884615384615384 0.02403846153846154
1 0.6370192307692307 0.9326923076923077 0.04807692307692308 0.04807692307692308
1 0.6586538461538461 0.8641826923076923 0.04807692307692308 0.03365384615384615
1 0.5733173076923077 0.7536057692307693 0.052884615384615384 0.028846153846153848
1 0.5216346153846154 0.7896634615384616 0.038461538461538464 0.028846153846153848
1 0.5432692307692307 0.6959134615384616 0.04807692307692308 0.028846153846153848
1 0.5276442307692307 0.6502403846153846 0.038461538461538464 0.03365384615384615
1 0.5324519230769231 0.5829326923076923 0.04807692307692308 0.028846153846153848
1 0.5661057692307693 0.5072115384615384 0.04807692307692308 0.021634615384615384
1 0.6286057692307693 0.5901442307692307 0.04326923076923077 0.028846153846153848
1 0.6826923076923077 0.4423076923076923 0.04326923076923077 0.036057692307692304
1 0.7536057692307693 0.43509615384615385 0.03365384615384615 0.021634615384615384
1 0.7211538461538461 0.3581730769230769 0.04326923076923077 0.036057692307692304
1 0.36899038461538464 0.17548076923076922 0.04807692307692308 0.038461538461538464
1 0.453125 0.3713942307692308 0.11057692307692307 0.0625
1 0.44591346153846156 0.7391826923076923 0.038461538461538464 0.057692307692307696
1 0.41225961538461536 0.5925480769230769 0.06009615384615385 0.03365384615384615
1 0.7403846153846154 0.31009615384615385 0.06009615384615385 0.02403846153846154
1 0.78125 0.37259615384615385 0.04326923076923077 0.06490384615384616
1 0.6826923076923077 0.6646634615384616 0.052884615384615384 0.03365384615384615
1 0.7704326923076923 0.6081730769230769 0.052884615384615384 0.057692307692307696
1 0.7127403846153846 0.5240384615384616 0.04807692307692308 0.03365384615384615
1 0.6286057692307693 0.36899038461538464 0.04326923076923077 0.06490384615384616
1 0.5661057692307693 0.43990384615384615 0.08173076923076923 0.0673076923076923