1 0.29447115384615385 0.9711538461538461 0.0673076923076923 0.04567307692307692
1 0.09254807692307693 0.7668269230769231 0.0625 0.08653846153846154
1 0.16346153846153846 0.9711538461538461 0.04326923076923077 0.04567307692307692
1 0.21754807692307693 0.9074519230769231 0.028846153846153848 0.0673076923076923
1 0.4098557692307692 0.8822115384615384 0.04807692307692308 0.0625
1 0.45913461538461536 0.9483173076923077 0.028846153846153848 0.04567307692307692
1 0.2548076923076923 0.8161057692307693 0.0673076923076923 0.09375
1 0.25841346153846156 0.7007211538461539 0.04807692307692308 0.0673076923076923
1 0.08653846153846154 0.5721153846153846 0.040865384615384616 0.0625
1 0.8377403846153846 0.0889423076923077 0.055288461538461536 0.09615384615384616
1 0.47115384615384615 0.7848557692307693 0.03125 0.09615384615384616
1 0.7427884615384616 0.46033653846153844 0.02403846153846154 0.04567307692307692
1 0.6826923076923077 0.14423076923076922 0.2403846153846154 0.2764423076923077
1 0.8677884615384616 0.3762019230769231 0.03125 0.052884615384615384
1 0.04326923076923077 0.39903846153846156 0.08653846153846154 0.18990384615384615
1 0.1310096153846154 0.25600961538461536 0.03365384615384615 0.1201923076923077
1 0.1935096153846154 0.3076923076923077 0.04807692307692308 0.0625
1 0.11778846153846154 0.49759615384615385 0.040865384615384616 0.0625
1 0.20552884615384615 0.3798076923076923 0.057692307692307696 0.057692307692307696
1 0.28966346153846156 0.4362980769230769 0.07692307692307693 0.09134615384615384
1 0.234375 0.4567307692307692 0.03365384615384615 0.052884615384615384
1 0.234375 0.5372596153846154 0.03365384615384615 0.07451923076923077
1 0.25721153846153844 0.3245192307692308 0.03125 0.0625
1 0.29447115384615385 0.5949519230769231 0.038461538461538464 0.052884615384615384
1 0.3137019230769231 0.6550480769230769 0.03365384615384615 0.04567307692307692
1 0.6538461538461539 0.3161057692307692 0.0673076923076923 0.057692307692307696
1 0.7367788461538461 0.328125 0.04326923076923077 0.04567307692307692
1 0.7536057692307693 0.39903846153846156 0.038461538461538464 0.038461538461538464
1 0.2692307692307692 0.21514423076923078 0.03365384615384615 0.052884615384615384
1 0.6911057692307693 0.421875 0.03125 0.052884615384615384
1 0.38100961538461536 0.6382211538461539 0.08653846153846154 0.21875
1 0.46033653846153844 0.6778846153846154 0.057692307692307696 0.09134615384615384
1 0.34134615384615385 0.15745192307692307 0.09134615384615384 0.16826923076923078
1 0.3485576923076923 0.2956730769230769 0.0625 0.11057692307692307
1 0.5120192307692307 0.4567307692307692 0.07211538461538461 0.13221153846153846
1 0.6899038461538461 0.5288461538461539 0.055288461538461536 0.10336538461538461
1 0.6322115384615384 0.4254807692307692 0.04326923076923077 0.11538461538461539
1 0.5805288461538461 0.4338942307692308 0.052884615384615384 0.15384615384615385
1 0.5997596153846154 0.5492788461538461 0.04807692307692308 0.052884615384615384
1 0.6189903846153846 0.6442307692307693 0.09134615384615384 0.11538461538461539
1 0.5384615384615384 0.6153846153846154 0.0625 0.16105769230769232
1 0.5048076923076923 0.35096153846153844 0.038461538461538464 0.057692307692307696
1 0.39663461538461536 0.36177884615384615 0.028846153846153848 0.057692307692307696
1 0.40865384615384615 0.46033653846153844 0.09134615384615384 0.11538461538461539
1 0.46875 0.578125 0.07692307692307693 0.09615384615384616
1 0.44350961538461536 0.3016826923076923 0.052884615384615384 0.18990384615384615
1 0.515625 0.27283653846153844 0.038461538461538464 0.052884615384615384