1 0.7055288461538461 0.028846153846153848 0.0673076923076923 0.04567307692307692
1 0.9074519230769231 0.23317307692307693 0.0625 0.08653846153846154
1 0.8365384615384616 0.028846153846153848 0.04326923076923077 0.04567307692307692
1 0.7824519230769231 0.09254807692307693 0.028846153846153848 0.0673076923076923
1 0.5901442307692307 0.11778846153846154 0.04807692307692308 0.0625
1 0.5408653846153846 0.051682692307692304 0.028846153846153848 0.04567307692307692
1 0.7451923076923077 0.18389423076923078 0.0673076923076923 0.09134615384615384
1 0.7415865384615384 0.29927884615384615 0.04807692307692308 0.0673076923076923
1 0.9134615384615384 0.42788461538461536 0.040865384615384616 0.0625
1 0.1622596153846154 0.9110576923076923 0.055288461538461536 0.09615384615384616
1 0.5288461538461539 0.21514423076923078 0.03125 0.09615384615384616
1 0.25721153846153844 0.5396634615384616 0.02403846153846154 0.04567307692307692
1 0.3173076923076923 0.8557692307692307 0.2403846153846154 0.2764423076923077
1 0.13221153846153846 0.6237980769230769 0.03125 0.052884615384615384
1 0.9555288461538461 0.6009615384615384 0.08413461538461539 0.19230769230769232
1 0.8689903846153846 0.7439903846153846 0.03365384615384615 0.1201923076923077
1 0.8064903846153846 0.6923076923076923 0.04807692307692308 0.06490384615384616
1 0.8822115384615384 0.5024038461538461 0.040865384615384616 0.0625
1 0.7944711538461539 0.6201923076923077 0.057692307692307696 0.057692307692307696
1 0.7103365384615384 0.5637019230769231 0.07692307692307693 0.09134615384615384
1 0.765625 0.5432692307692307 0.03365384615384615 0.052884615384615384
1 0.765625 0.46274038461538464 0.03365384615384615 0.07451923076923077
1 0.7427884615384616 0.6754807692307693 0.03125 0.0625
1 0.7055288461538461 0.4050480769230769 0.038461538461538464 0.052884615384615384
1 0.6862980769230769 0.3449519230769231 0.03365384615384615 0.04567307692307692
1 0.34615384615384615 0.6838942307692307 0.0673076923076923 0.057692307692307696
1 0.26322115384615385 0.671875 0.04326923076923077 0.04567307692307692
1 0.24639423076923078 0.6009615384615384 0.038461538461538464 0.038461538461538464
1 0.7307692307692307 0.7848557692307693 0.03365384615384615 0.052884615384615384
1 0.3088942307692308 0.578125 0.03125 0.052884615384615384
1 0.6189903846153846 0.36177884615384615 0.08653846153846154 0.21875
1 0.5396634615384616 0.32211538461538464 0.057692307692307696 0.09134615384615384
1 0.6586538461538461 0.8425480769230769 0.09134615384615384 0.16826923076923078
1 0.6514423076923077 0.7043269230769231 0.0625 0.11057692307692307
1 0.4879807692307692 0.5432692307692307 0.07211538461538461 0.13221153846153846
1 0.31009615384615385 0.47115384615384615 0.055288461538461536 0.10336538461538461
1 0.36778846153846156 0.5745192307692307 0.04326923076923077 0.11538461538461539
1 0.41947115384615385 0.5661057692307693 0.052884615384615384 0.15384615384615385
1 0.40024038461538464 0.45072115384615385 0.04807692307692308 0.052884615384615384
1 0.38100961538461536 0.3557692307692308 0.09134615384615384 0.11538461538461539
1 0.46153846153846156 0.38461538461538464 0.0625 0.16105769230769232
1 0.4951923076923077 0.6490384615384616 0.038461538461538464 0.057692307692307696
1 0.6033653846153846 0.6382211538461539 0.028846153846153848 0.057692307692307696
1 0.5913461538461539 0.5396634615384616 0.09134615384615384 0.11538461538461539
1 0.53125 0.421875 0.07692307692307693 0.09615384615384616
1 0.5564903846153846 0.6983173076923077 0.052884615384615384 0.18990384615384615
1 0.484375 0.7271634615384616 0.038461538461538464 0.052884615384615384