0 0.8221153846153846 0.49759615384615385 0.02403846153846154 0.08173076923076923
0 0.8786057692307693 0.5012019230769231 0.02403846153846154 0.04326923076923077
0 0.7680288461538461 0.3016826923076923 0.019230769230769232 0.055288461538461536
0 0.7091346153846154 0.32211538461538464 0.03365384615384615 0.052884615384615384
0 0.765625 0.37740384615384615 0.03365384615384615 0.04567307692307692
0 0.7487980769230769 0.20192307692307693 0.03365384615384615 0.04326923076923077
0 0.8269230769230769 0.18990384615384615 0.019230769230769232 0.057692307692307696
0 0.8509615384615384 0.1141826923076923 0.03125 0.028846153846153848
0 0.4338942307692308 0.6959134615384616 0.028846153846153848 0.07451923076923077
0 0.38100961538461536 0.7103365384615384 0.0673076923076923 0.12259615384615384
0 0.28125 0.6875 0.06009615384615385 0.07692307692307693
0 0.34615384615384615 0.5817307692307693 0.06490384615384616 0.08653846153846154
0 0.22956730769230768 0.7980769230769231 0.038461538461538464 0.038461538461538464
0 0.6213942307692307 0.13221153846153846 0.040865384615384616 0.0673076923076923
0 0.40024038461538464 0.0625 0.04567307692307692 0.03125
0 0.3076923076923077 0.8209134615384616 0.07692307692307693 0.07451923076923077
0 0.53125 0.1201923076923077 0.038461538461538464 0.03125
0 0.6286057692307693 0.5540865384615384 0.04326923076923077 0.06490384615384616