0 0.4699519230769231 0.0829326923076923 0.040865384615384616 0.038461538461538464
0 0.6201923076923077 0.12259615384615384 0.038461538461538464 0.03365384615384615
0 0.7487980769230769 0.12980769230769232 0.038461538461538464 0.028846153846153848
0 0.20432692307692307 0.11899038461538461 0.02403846153846154 0.03365384615384615
0 0.2620192307692308 0.12980769230769232 0.028846153846153848 0.028846153846153848
0 0.2776442307692308 0.1814903846153846 0.038461538461538464 0.028846153846153848
0 0.43028846153846156 0.25 0.0625 0.0625
0 0.5072115384615384 0.25841346153846156 0.028846153846153848 0.03365384615384615
0 0.8557692307692307 0.3125 0.04807692307692308 0.04326923076923077
0 0.8353365384615384 0.45072115384615385 0.04567307692307692 0.04326923076923077
0 0.36899038461538464 0.40625 0.04807692307692308 0.09134615384615384
0 0.2764423076923077 0.40384615384615385 0.09615384615384616 0.052884615384615384
0 0.18389423076923078 0.4074519230769231 0.04326923076923077 0.04807692307692308
0 0.1045673076923077 0.35096153846153844 0.05048076923076923 0.040865384615384616
0 0.1935096153846154 0.6826923076923077 0.052884615384615384 0.03365384615384615
0 0.23557692307692307 0.5829326923076923 0.038461538461538464 0.036057692307692304
0 0.8317307692307693 0.75 0.05048076923076923 0.04326923076923077
0 0.96875 0.4014423076923077 0.02403846153846154 0.038461538461538464
0 0.6177884615384616 0.8605769230769231 0.04326923076923077 0.02403846153846154
0 0.5625 0.9603365384615384 0.03365384615384615 0.038461538461538464
0 0.5264423076923077 0.8858173076923077 0.026442307692307692 0.028846153846153848
0 0.12259615384615384 0.9242788461538461 0.052884615384615384 0.028846153846153848
0 0.41586538461538464 0.6766826923076923 0.11778846153846154 0.0889423076923077
0 0.8473557692307693 0.8894230769230769 0.07211538461538461 0.03125
0 0.3605769230769231 0.5336538461538461 0.04326923076923077 0.03365384615384615