0 0.5276442307692307 0.953125 0.22355769230769232 0.0889423076923077
0 0.4026442307692308 0.8485576923076923 0.08173076923076923 0.04807692307692308
0 0.6105769230769231 0.8701923076923077 0.1201923076923077 0.06490384615384616
0 0.5673076923076923 0.6418269230769231 0.10096153846153846 0.040865384615384616
0 0.5336538461538461 0.7620192307692307 0.3557692307692308 0.09615384615384616
0 0.23798076923076922 0.3762019230769231 0.11538461538461539 0.08173076923076923
0 0.5240384615384616 0.4206730769230769 0.08173076923076923 0.052884615384615384
0 0.5769230769230769 0.5024038461538461 0.09375 0.057692307692307696
0 0.17067307692307693 0.30649038461538464 0.10096153846153846 0.03365384615384615
0 0.1045673076923077 0.22355769230769232 0.10096153846153846 0.04326923076923077
0 0.09735576923076923 0.14302884615384615 0.11538461538461539 0.0673076923076923
0 0.7079326923076923 0.8918269230769231 0.04807692307692308 0.04326923076923077
0 0.2920673076923077 0.5769230769230769 0.13942307692307693 0.036057692307692304
0 0.27884615384615385 0.46634615384615385 0.10096153846153846 0.057692307692307696
0 0.046875 0.039663461538461536 0.040865384615384616 0.026442307692307692
0 0.14423076923076922 0.020432692307692308 0.07211538461538461 0.036057692307692304
0 0.36899038461538464 0.078125 0.0673076923076923 0.05048076923076923