0 0.5264423076923077 0.04567307692307692 0.22115384615384615 0.09134615384615384
0 0.4026442307692308 0.15144230769230768 0.08173076923076923 0.04807692307692308
0 0.6105769230769231 0.12980769230769232 0.1201923076923077 0.06490384615384616
0 0.5673076923076923 0.3581730769230769 0.10096153846153846 0.040865384615384616
0 0.5336538461538461 0.23798076923076922 0.3557692307692308 0.09615384615384616
0 0.23798076923076922 0.6237980769230769 0.11538461538461539 0.08173076923076923
0 0.5240384615384616 0.5793269230769231 0.08173076923076923 0.052884615384615384
0 0.5769230769230769 0.49759615384615385 0.09375 0.057692307692307696
0 0.17067307692307693 0.6935096153846154 0.10096153846153846 0.03365384615384615
0 0.1045673076923077 0.7764423076923077 0.10096153846153846 0.04326923076923077
0 0.09735576923076923 0.8569711538461539 0.11538461538461539 0.0673076923076923
0 0.7079326923076923 0.10817307692307693 0.04807692307692308 0.04326923076923077
0 0.2920673076923077 0.4230769230769231 0.13942307692307693 0.036057692307692304
0 0.27884615384615385 0.5336538461538461 0.10096153846153846 0.057692307692307696
0 0.046875 0.9603365384615384 0.040865384615384616 0.026442307692307692
0 0.14423076923076922 0.9795673076923077 0.07211538461538461 0.036057692307692304
0 0.36899038461538464 0.921875 0.0673076923076923 0.05048076923076923