0 0.44591346153846156 0.04927884615384615 0.10576923076923077 0.08173076923076923
0 0.22596153846153846 0.15985576923076922 0.052884615384615384 0.052884615384615384
0 0.21153846153846154 0.05048076923076923 0.06490384615384616 0.0625
0 0.3786057692307692 0.2091346153846154 0.05048076923076923 0.03365384615384615
0 0.23317307692307693 0.3942307692307692 0.08173076923076923 0.07692307692307693
0 0.12980769230769232 0.3858173076923077 0.0625 0.03125
0 0.5600961538461539 0.22355769230769232 0.18269230769230768 0.13221153846153846
0 0.5264423076923077 0.38341346153846156 0.23557692307692307 0.16346153846153846
0 0.6177884615384616 0.051682692307692304 0.04807692307692308 0.026442307692307692
0 0.5649038461538461 0.11298076923076923 0.05048076923076923 0.0625
0 0.47115384615384615 0.5889423076923077 0.40625 0.21634615384615385
0 0.21033653846153846 0.5829326923076923 0.08173076923076923 0.036057692307692304
0 0.17307692307692307 0.5096153846153846 0.040865384615384616 0.028846153846153848
0 0.47716346153846156 0.7788461538461539 0.1778846153846154 0.15384615384615385
0 0.4699519230769231 0.9182692307692307 0.13942307692307693 0.10576923076923077
0 0.08413461538461539 0.6418269230769231 0.16346153846153846 0.14903846153846154
0 0.13221153846153846 0.7644230769230769 0.19230769230769232 0.09134615384615384
0 0.051682692307692304 0.8581730769230769 0.0673076923076923 0.04326923076923077
0 0.12860576923076922 0.9615384615384616 0.15625 0.07451923076923077
0 0.17908653846153846 0.8930288461538461 0.07692307692307693 0.052884615384615384
0 0.2920673076923077 0.9278846153846154 0.11057692307692307 0.11538461538461539
0 0.21754807692307693 0.6598557692307693 0.0673076923076923 0.07451923076923077