0 0.9507211538461539 0.44591346153846156 0.08173076923076923 0.10576923076923077
0 0.8401442307692307 0.22596153846153846 0.052884615384615384 0.052884615384615384
0 0.9495192307692307 0.21153846153846154 0.0625 0.06490384615384616
0 0.7908653846153846 0.3786057692307692 0.03365384615384615 0.05048076923076923
0 0.6057692307692307 0.23317307692307693 0.07692307692307693 0.08173076923076923
0 0.6141826923076923 0.12980769230769232 0.03125 0.0625
0 0.7764423076923077 0.5600961538461539 0.13221153846153846 0.18269230769230768
0 0.6165865384615384 0.5264423076923077 0.16346153846153846 0.23557692307692307
0 0.9483173076923077 0.6177884615384616 0.026442307692307692 0.04807692307692308
0 0.8870192307692307 0.5649038461538461 0.0625 0.05048076923076923
0 0.4110576923076923 0.47115384615384615 0.21875 0.40625
0 0.4170673076923077 0.21033653846153846 0.036057692307692304 0.08173076923076923
0 0.49038461538461536 0.17307692307692307 0.028846153846153848 0.040865384615384616
0 0.22115384615384615 0.47716346153846156 0.15384615384615385 0.18028846153846154
0 0.08173076923076923 0.4699519230769231 0.10817307692307693 0.13942307692307693
0 0.3581730769230769 0.08413461538461539 0.14903846153846154 0.16346153846153846
0 0.23557692307692307 0.13221153846153846 0.09134615384615384 0.19471153846153846
0 0.14182692307692307 0.051682692307692304 0.04567307692307692 0.0673076923076923
0 0.038461538461538464 0.12860576923076922 0.07451923076923077 0.15625
0 0.10697115384615384 0.17908653846153846 0.052884615384615384 0.07692307692307693
0 0.07211538461538461 0.2920673076923077 0.11778846153846154 0.11057692307692307
0 0.3401442307692308 0.21754807692307693 0.07451923076923077 0.0673076923076923