0 0.2283653846153846 0.2956730769230769 0.1658653846153846 0.10336538461538461
0 0.6826923076923077 0.3016826923076923 0.057692307692307696 0.04326923076923077
0 0.7247596153846154 0.515625 0.07211538461538461 0.04326923076923077
0 0.5024038461538461 0.30408653846153844 0.1778846153846154 0.11778846153846154
0 0.29447115384615385 0.42788461538461536 0.0889423076923077 0.07211538461538461
0 0.41947115384615385 0.47115384615384615 0.1346153846153846 0.20673076923076922
0 0.36658653846153844 0.6129807692307693 0.057692307692307696 0.038461538461538464
0 0.65625 0.6742788461538461 0.16826923076923078 0.1346153846153846
0 0.47596153846153844 0.7067307692307693 0.17307692307692307 0.10096153846153846
0 0.5072115384615384 0.6105769230769231 0.09134615384615384 0.07211538461538461
0 0.5192307692307693 0.5096153846153846 0.052884615384615384 0.10096153846153846