0 0.2283653846153846 0.7043269230769231 0.16346153846153846 0.10096153846153846
0 0.6826923076923077 0.6983173076923077 0.057692307692307696 0.04326923076923077
0 0.7247596153846154 0.484375 0.07211538461538461 0.04326923076923077
0 0.5024038461538461 0.6959134615384616 0.1778846153846154 0.11778846153846154
0 0.29447115384615385 0.5721153846153846 0.0889423076923077 0.07211538461538461
0 0.41947115384615385 0.5288461538461539 0.1346153846153846 0.20673076923076922
0 0.36658653846153844 0.3870192307692308 0.057692307692307696 0.038461538461538464
0 0.65625 0.32572115384615385 0.16826923076923078 0.1346153846153846
0 0.47596153846153844 0.2932692307692308 0.17307692307692307 0.10096153846153846
0 0.5072115384615384 0.3894230769230769 0.09134615384615384 0.07211538461538461
0 0.5192307692307693 0.49038461538461536 0.052884615384615384 0.10096153846153846