1 0.5420673076923077 0.31009615384615385 0.0673076923076923 0.07211538461538461
1 0.33774038461538464 0.3762019230769231 0.07692307692307693 0.09615384615384616
1 0.10817307692307693 0.6105769230769231 0.057692307692307696 0.055288461538461536
1 0.41225961538461536 0.49158653846153844 0.06009615384615385 0.04326923076923077
1 0.3605769230769231 0.5733173076923077 0.11057692307692307 0.06971153846153846
1 0.5084134615384616 0.5649038461538461 0.11057692307692307 0.07692307692307693
1 0.37259615384615385 0.7644230769230769 0.07211538461538461 0.0625
1 0.30649038461538464 0.9302884615384616 0.11057692307692307 0.1346153846153846
1 0.41947115384615385 0.6935096153846154 0.06009615384615385 0.06009615384615385
1 0.5552884615384616 0.8425480769230769 0.08653846153846154 0.052884615384615384
1 0.875 0.7067307692307693 0.125 0.08653846153846154
1 0.84375 0.6213942307692307 0.08173076923076923 0.0625
1 0.8100961538461539 0.5516826923076923 0.057692307692307696 0.0625
1 0.7451923076923077 0.5240384615384616 0.04567307692307692 0.052884615384615384
1 0.7944711538461539 0.27283653846153844 0.08173076923076923 0.17548076923076922
1 0.7115384615384616 0.4050480769230769 0.08653846153846154 0.09375