1 0.31009615384615385 0.4579326923076923 0.07211538461538461 0.0673076923076923
1 0.3762019230769231 0.6622596153846154 0.09615384615384616 0.07692307692307693
1 0.6105769230769231 0.8918269230769231 0.057692307692307696 0.057692307692307696
1 0.49158653846153844 0.5877403846153846 0.04326923076923077 0.06009615384615385
1 0.5733173076923077 0.6394230769230769 0.06971153846153846 0.11057692307692307
1 0.5649038461538461 0.49158653846153844 0.07692307692307693 0.11057692307692307
1 0.7644230769230769 0.6274038461538461 0.0625 0.07211538461538461
1 0.9302884615384616 0.6935096153846154 0.1346153846153846 0.11057692307692307
1 0.6935096153846154 0.5805288461538461 0.06009615384615385 0.06009615384615385
1 0.8425480769230769 0.44471153846153844 0.052884615384615384 0.08653846153846154
1 0.7067307692307693 0.125 0.08653846153846154 0.125
1 0.6213942307692307 0.15625 0.0625 0.08173076923076923
1 0.5516826923076923 0.18990384615384615 0.0625 0.057692307692307696
1 0.5240384615384616 0.2548076923076923 0.052884615384615384 0.04567307692307692
1 0.27283653846153844 0.20552884615384615 0.17307692307692307 0.08173076923076923
1 0.4050480769230769 0.28846153846153844 0.09375 0.08653846153846154