0 0.109375 0.0625 0.057692307692307696 0.04807692307692308
0 0.18028846153846154 0.3449519230769231 0.06009615384615385 0.03365384615384615
0 0.1502403846153846 0.4170673076923077 0.057692307692307696 0.036057692307692304
0 0.34975961538461536 0.3425480769230769 0.06971153846153846 0.04807692307692308
0 0.22596153846153846 0.4567307692307692 0.057692307692307696 0.07692307692307693
0 0.26322115384615385 0.5204326923076923 0.06009615384615385 0.03365384615384615
0 0.3449519230769231 0.42908653846153844 0.04807692307692308 0.038461538461538464
0 0.4026442307692308 0.5264423076923077 0.03125 0.026442307692307692
0 0.31971153846153844 0.5661057692307693 0.07692307692307693 0.052884615384615384
0 0.4074519230769231 0.5829326923076923 0.08413461538461539 0.06009615384615385
0 0.40024038461538464 0.45913461538461536 0.055288461538461536 0.06971153846153846
0 0.45072115384615385 0.3894230769230769 0.07211538461538461 0.04567307692307692
0 0.5432692307692307 0.41466346153846156 0.0625 0.10096153846153846
0 0.6490384615384616 0.5132211538461539 0.15625 0.06009615384615385
0 0.6478365384615384 0.59375 0.10336538461538461 0.04326923076923077
0 0.7548076923076923 0.6766826923076923 0.0673076923076923 0.04807692307692308
0 0.6322115384615384 0.6862980769230769 0.04326923076923077 0.04326923076923077
0 0.6177884615384616 0.9471153846153846 0.07451923076923077 0.040865384615384616
0 0.45552884615384615 0.7007211538461539 0.04807692307692308 0.040865384615384616
0 0.5588942307692307 0.8221153846153846 0.04807692307692308 0.03365384615384615
0 0.4266826923076923 0.9735576923076923 0.08413461538461539 0.036057692307692304
0 0.48197115384615385 0.7524038461538461 0.06490384615384616 0.03365384615384615
0 0.46153846153846156 0.8209134615384616 0.07692307692307693 0.03125
0 0.4182692307692308 0.8629807692307693 0.0625 0.03125
0 0.7271634615384616 0.96875 0.04326923076923077 0.036057692307692304
0 0.7932692307692307 0.8461538461538461 0.05048076923076923 0.03125
0 0.6682692307692307 0.796875 0.0625 0.04326923076923077
0 0.7908653846153846 0.9170673076923077 0.10096153846153846 0.019230769230769232