0 0.890625 0.9375 0.057692307692307696 0.04807692307692308
0 0.8197115384615384 0.6550480769230769 0.06009615384615385 0.03365384615384615
0 0.8497596153846154 0.5829326923076923 0.057692307692307696 0.036057692307692304
0 0.6502403846153846 0.6574519230769231 0.06971153846153846 0.04807692307692308
0 0.7740384615384616 0.5432692307692307 0.057692307692307696 0.07692307692307693
0 0.7367788461538461 0.4795673076923077 0.06009615384615385 0.03365384615384615
0 0.6550480769230769 0.5709134615384616 0.04807692307692308 0.038461538461538464
0 0.5973557692307693 0.4735576923076923 0.03125 0.026442307692307692
0 0.6802884615384616 0.4338942307692308 0.07692307692307693 0.052884615384615384
0 0.5925480769230769 0.4170673076923077 0.08413461538461539 0.06009615384615385
0 0.5997596153846154 0.5408653846153846 0.055288461538461536 0.06971153846153846
0 0.5492788461538461 0.6105769230769231 0.07211538461538461 0.04567307692307692
0 0.4567307692307692 0.5853365384615384 0.0625 0.10096153846153846
0 0.35096153846153844 0.48677884615384615 0.15625 0.06009615384615385
0 0.35216346153846156 0.40625 0.10336538461538461 0.04326923076923077
0 0.24519230769230768 0.3233173076923077 0.0673076923076923 0.04807692307692308
0 0.36778846153846156 0.3137019230769231 0.04326923076923077 0.04326923076923077
0 0.38221153846153844 0.052884615384615384 0.07451923076923077 0.040865384615384616
0 0.5444711538461539 0.29927884615384615 0.04807692307692308 0.040865384615384616
0 0.4411057692307692 0.1778846153846154 0.04807692307692308 0.03365384615384615
0 0.5733173076923077 0.026442307692307692 0.08413461538461539 0.036057692307692304
0 0.5180288461538461 0.24759615384615385 0.06490384615384616 0.03365384615384615
0 0.5384615384615384 0.17908653846153846 0.07692307692307693 0.03125
0 0.5817307692307693 0.13701923076923078 0.0625 0.03125
0 0.27283653846153844 0.03125 0.04326923076923077 0.036057692307692304
0 0.20673076923076922 0.15384615384615385 0.05048076923076923 0.03125
0 0.3317307692307692 0.203125 0.0625 0.04326923076923077
0 0.2091346153846154 0.0829326923076923 0.10096153846153846 0.019230769230769232