0 0.0625 0.890625 0.04807692307692308 0.057692307692307696
0 0.3449519230769231 0.8197115384615384 0.03365384615384615 0.06009615384615385
0 0.4170673076923077 0.8497596153846154 0.036057692307692304 0.057692307692307696
0 0.3425480769230769 0.6502403846153846 0.04807692307692308 0.06971153846153846
0 0.4567307692307692 0.7740384615384616 0.07692307692307693 0.057692307692307696
0 0.5204326923076923 0.7367788461538461 0.03365384615384615 0.06009615384615385
0 0.42908653846153844 0.6550480769230769 0.038461538461538464 0.04807692307692308
0 0.5264423076923077 0.5973557692307693 0.026442307692307692 0.03125
0 0.5661057692307693 0.6802884615384616 0.052884615384615384 0.07692307692307693
0 0.5829326923076923 0.5925480769230769 0.06009615384615385 0.08413461538461539
0 0.45913461538461536 0.5997596153846154 0.06971153846153846 0.055288461538461536
0 0.3894230769230769 0.5492788461538461 0.04567307692307692 0.07211538461538461
0 0.41466346153846156 0.4567307692307692 0.10096153846153846 0.0625
0 0.5132211538461539 0.35096153846153844 0.06009615384615385 0.15625
0 0.59375 0.35216346153846156 0.04326923076923077 0.10336538461538461
0 0.6766826923076923 0.24519230769230768 0.04807692307692308 0.0673076923076923
0 0.6862980769230769 0.36778846153846156 0.04326923076923077 0.04326923076923077
0 0.9471153846153846 0.38221153846153844 0.040865384615384616 0.07451923076923077
0 0.7007211538461539 0.5444711538461539 0.040865384615384616 0.04807692307692308
0 0.8221153846153846 0.4411057692307692 0.03365384615384615 0.04807692307692308
0 0.9735576923076923 0.5733173076923077 0.036057692307692304 0.08413461538461539
0 0.7524038461538461 0.5180288461538461 0.03365384615384615 0.06490384615384616
0 0.8209134615384616 0.5384615384615384 0.03125 0.07692307692307693
0 0.8629807692307693 0.5817307692307693 0.03125 0.0625
0 0.96875 0.27283653846153844 0.036057692307692304 0.04326923076923077
0 0.8461538461538461 0.20673076923076922 0.03125 0.05048076923076923
0 0.796875 0.3317307692307692 0.04326923076923077 0.0625
0 0.9170673076923077 0.2091346153846154 0.019230769230769232 0.10096153846153846