0 0.9459134615384616 0.6454326923076923 0.10336538461538461 0.35336538461538464
0 0.9723557692307693 0.3629807692307692 0.040865384615384616 0.14903846153846154
0 0.9567307692307693 0.15264423076923078 0.036057692307692304 0.14903846153846154
0 0.8425480769230769 0.36778846153846156 0.07451923076923077 0.28125
0 0.7536057692307693 0.203125 0.09615384615384616 0.13942307692307693
0 0.7223557692307693 0.3942307692307692 0.038461538461538464 0.13221153846153846
0 0.7415865384615384 0.5552884615384616 0.02403846153846154 0.11057692307692307
0 0.6225961538461539 0.3629807692307692 0.1346153846153846 0.31971153846153844
0 0.49278846153846156 0.47596153846153844 0.052884615384615384 0.15625
0 0.3737980769230769 0.5865384615384616 0.12740384615384615 0.20192307692307693
0 0.2548076923076923 0.8473557692307693 0.10576923076923077 0.22596153846153846