1 0.04447115384615385 0.5492788461538461 0.057692307692307696 0.07211538461538461
1 0.051682692307692304 0.4050480769230769 0.040865384615384616 0.09134615384615384
1 0.11899038461538461 0.48677884615384615 0.07211538461538461 0.09134615384615384
1 0.11057692307692307 0.734375 0.036057692307692304 0.0625
1 0.18389423076923078 0.7884615384615384 0.0673076923076923 0.0625
1 0.14182692307692307 0.3016826923076923 0.08653846153846154 0.17067307692307693
1 0.25600961538461536 0.33413461538461536 0.04807692307692308 0.09134615384615384
1 0.25841346153846156 0.1935096153846154 0.09134615384615384 0.0985576923076923
1 0.3870192307692308 0.21153846153846154 0.052884615384615384 0.0985576923076923
1 0.43028846153846156 0.04927884615384615 0.052884615384615384 0.0889423076923077
1 0.4879807692307692 0.10817307692307693 0.04807692307692308 0.10817307692307693
1 0.59375 0.22596153846153846 0.052884615384615384 0.09134615384615384
1 0.6586538461538461 0.11778846153846154 0.04807692307692308 0.07211538461538461
1 0.5733173076923077 0.7115384615384616 0.0625 0.125
1 0.7079326923076923 0.6310096153846154 0.0625 0.16346153846153846
1 0.6875 0.46875 0.052884615384615384 0.09134615384615384
1 0.9326923076923077 0.03125 0.07932692307692307 0.052884615384615384
1 0.9026442307692307 0.35697115384615385 0.1875 0.5889423076923077
1 0.7536057692307693 0.3605769230769231 0.052884615384615384 0.07211538461538461
1 0.7800480769230769 0.5048076923076923 0.040865384615384616 0.10817307692307693
1 0.7716346153846154 0.14903846153846154 0.08173076923076923 0.2860576923076923