1 0.9555288461538461 0.45072115384615385 0.057692307692307696 0.07211538461538461
1 0.9483173076923077 0.5949519230769231 0.040865384615384616 0.09134615384615384
1 0.8810096153846154 0.5132211538461539 0.07211538461538461 0.09134615384615384
1 0.8894230769230769 0.265625 0.036057692307692304 0.0625
1 0.8161057692307693 0.21153846153846154 0.0673076923076923 0.0625
1 0.8581730769230769 0.6983173076923077 0.08653846153846154 0.17067307692307693
1 0.7439903846153846 0.6658653846153846 0.04807692307692308 0.09134615384615384
1 0.7415865384615384 0.8064903846153846 0.09134615384615384 0.0985576923076923
1 0.6129807692307693 0.7884615384615384 0.052884615384615384 0.0985576923076923
1 0.5697115384615384 0.9507211538461539 0.052884615384615384 0.0889423076923077
1 0.5120192307692307 0.8918269230769231 0.04807692307692308 0.10817307692307693
1 0.40625 0.7740384615384616 0.052884615384615384 0.09134615384615384
1 0.34134615384615385 0.8822115384615384 0.04807692307692308 0.07211538461538461
1 0.4266826923076923 0.28846153846153844 0.0625 0.125
1 0.2920673076923077 0.36899038461538464 0.0625 0.16346153846153846
1 0.3125 0.53125 0.052884615384615384 0.09134615384615384
1 0.0673076923076923 0.96875 0.07932692307692307 0.052884615384615384
1 0.09735576923076923 0.6430288461538461 0.1875 0.5889423076923077
1 0.24639423076923078 0.6394230769230769 0.052884615384615384 0.07211538461538461
1 0.21995192307692307 0.4951923076923077 0.040865384615384616 0.10817307692307693
1 0.2283653846153846 0.8509615384615384 0.08173076923076923 0.2860576923076923