1 0.8221153846153846 0.7572115384615384 0.03365384615384615 0.02403846153846154
1 0.9014423076923077 0.7307692307692307 0.03365384615384615 0.026442307692307692
1 0.9903846153846154 0.7475961538461539 0.016826923076923076 0.052884615384615384
1 0.9579326923076923 0.6298076923076923 0.04326923076923077 0.038461538461538464
1 0.8810096153846154 0.5865384615384616 0.04326923076923077 0.036057692307692304
1 0.8064903846153846 0.5408653846153846 0.040865384615384616 0.02403846153846154
1 0.6911057692307693 0.6911057692307693 0.04807692307692308 0.03125
1 0.7043269230769231 0.640625 0.12980769230769232 0.040865384615384616
1 0.5757211538461539 0.6225961538461539 0.0673076923076923 0.04807692307692308
1 0.32091346153846156 0.21995192307692307 0.08653846153846154 0.08413461538461539
1 0.35096153846153844 0.1346153846153846 0.028846153846153848 0.028846153846153848
1 0.41225961538461536 0.18028846153846154 0.057692307692307696 0.18269230769230768
1 0.49759615384615385 0.21153846153846154 0.0889423076923077 0.10336538461538461
1 0.5564903846153846 0.25600961538461536 0.028846153846153848 0.07211538461538461
1 0.34975961538461536 0.2980769230769231 0.03365384615384615 0.04807692307692308
1 0.4338942307692308 0.30528846153846156 0.040865384615384616 0.04807692307692308
1 0.5612980769230769 0.31971153846153844 0.03365384615384615 0.02403846153846154
1 0.6610576923076923 0.45913461538461536 0.028846153846153848 0.028846153846153848
1 0.6682692307692307 0.5396634615384616 0.0673076923076923 0.03365384615384615
1 0.4543269230769231 0.46153846153846156 0.23076923076923078 0.2548076923076923
1 0.5865384615384616 0.42908653846153844 0.021634615384615384 0.038461538461538464
1 0.6021634615384616 0.36899038461538464 0.052884615384615384 0.05048076923076923
1 0.6322115384615384 0.41586538461538464 0.03365384615384615 0.028846153846153848
1 0.6189903846153846 0.4891826923076923 0.04326923076923077 0.038461538461538464