1 0.7572115384615384 0.1778846153846154 0.02403846153846154 0.03365384615384615
1 0.7307692307692307 0.0985576923076923 0.026442307692307692 0.03365384615384615
1 0.7475961538461539 0.009615384615384616 0.052884615384615384 0.016826923076923076
1 0.6298076923076923 0.042067307692307696 0.038461538461538464 0.04326923076923077
1 0.5865384615384616 0.11899038461538461 0.036057692307692304 0.04326923076923077
1 0.5408653846153846 0.1935096153846154 0.02403846153846154 0.040865384615384616
1 0.6911057692307693 0.3088942307692308 0.03125 0.04807692307692308
1 0.640625 0.2956730769230769 0.040865384615384616 0.12980769230769232
1 0.6225961538461539 0.42427884615384615 0.04807692307692308 0.0673076923076923
1 0.21995192307692307 0.6790865384615384 0.08413461538461539 0.08653846153846154
1 0.1346153846153846 0.6490384615384616 0.028846153846153848 0.028846153846153848
1 0.18028846153846154 0.5877403846153846 0.18269230769230768 0.057692307692307696
1 0.21153846153846154 0.5024038461538461 0.10336538461538461 0.0889423076923077
1 0.25600961538461536 0.44350961538461536 0.07211538461538461 0.028846153846153848
1 0.2980769230769231 0.6502403846153846 0.04807692307692308 0.03365384615384615
1 0.30528846153846156 0.5661057692307693 0.04807692307692308 0.040865384615384616
1 0.31971153846153844 0.4387019230769231 0.02403846153846154 0.03365384615384615
1 0.45913461538461536 0.3389423076923077 0.028846153846153848 0.028846153846153848
1 0.5396634615384616 0.3317307692307692 0.03365384615384615 0.0673076923076923
1 0.46153846153846156 0.5456730769230769 0.2548076923076923 0.23076923076923078
1 0.42908653846153844 0.41346153846153844 0.038461538461538464 0.021634615384615384
1 0.36899038461538464 0.39783653846153844 0.05048076923076923 0.052884615384615384
1 0.41586538461538464 0.36778846153846156 0.028846153846153848 0.03365384615384615
1 0.4891826923076923 0.38100961538461536 0.038461538461538464 0.04326923076923077