1 0.7391826923076923 0.03365384615384615 0.04326923076923077 0.04326923076923077
1 0.65625 0.039663461538461536 0.052884615384615384 0.03125
1 0.703125 0.09134615384615384 0.052884615384615384 0.055288461538461536
1 0.8461538461538461 0.08533653846153846 0.036057692307692304 0.028846153846153848
1 0.8774038461538461 0.140625 0.036057692307692304 0.052884615384615384
1 0.5961538461538461 0.109375 0.0985576923076923 0.0673076923076923
1 0.6141826923076923 0.19591346153846154 0.052884615384615384 0.036057692307692304
1 0.5336538461538461 0.19831730769230768 0.057692307692307696 0.07211538461538461
1 0.5444711538461539 0.2980769230769231 0.057692307692307696 0.038461538461538464
1 0.43990384615384615 0.3317307692307692 0.0673076923076923 0.036057692307692304
1 0.484375 0.375 0.0625 0.036057692307692304
1 0.390625 0.4182692307692308 0.0625 0.036057692307692304
1 0.5516826923076923 0.4567307692307692 0.052884615384615384 0.038461538461538464
1 0.4014423076923077 0.4699519230769231 0.052884615384615384 0.036057692307692304
1 0.37740384615384615 0.5204326923076923 0.04807692307692308 0.038461538461538464
1 0.4891826923076923 0.5060096153846154 0.04326923076923077 0.036057692307692304
1 0.27403846153846156 0.71875 0.04807692307692308 0.038461538461538464
1 0.3798076923076923 0.8076923076923077 0.052884615384615384 0.04326923076923077
1 0.8329326923076923 0.43990384615384615 0.07211538461538461 0.04807692307692308
1 0.7860576923076923 0.5432692307692307 0.09375 0.04807692307692308
1 0.6923076923076923 0.5276442307692307 0.052884615384615384 0.038461538461538464
1 0.390625 0.7163461538461539 0.125 0.06009615384615385
1 0.38221153846153844 0.6466346153846154 0.057692307692307696 0.038461538461538464
1 0.6274038461538461 0.7560096153846154 0.3389423076923077 0.2644230769230769
1 0.31971153846153844 0.609375 0.04807692307692308 0.036057692307692304
1 0.6298076923076923 0.5793269230769231 0.04326923076923077 0.038461538461538464
1 0.7139423076923077 0.5997596153846154 0.0625 0.03125
1 0.48677884615384615 0.59375 0.20192307692307693 0.06009615384615385