1 0.03365384615384615 0.2608173076923077 0.04326923076923077 0.04326923076923077
1 0.039663461538461536 0.34375 0.03125 0.052884615384615384
1 0.09134615384615384 0.296875 0.055288461538461536 0.052884615384615384
1 0.08533653846153846 0.15384615384615385 0.028846153846153848 0.036057692307692304
1 0.140625 0.12259615384615384 0.052884615384615384 0.036057692307692304
1 0.109375 0.40384615384615385 0.0673076923076923 0.0985576923076923
1 0.19591346153846154 0.3858173076923077 0.036057692307692304 0.052884615384615384
1 0.19831730769230768 0.46634615384615385 0.07211538461538461 0.057692307692307696
1 0.2980769230769231 0.45552884615384615 0.038461538461538464 0.057692307692307696
1 0.3317307692307692 0.5600961538461539 0.036057692307692304 0.0673076923076923
1 0.375 0.515625 0.036057692307692304 0.0625
1 0.4182692307692308 0.609375 0.036057692307692304 0.0625
1 0.4567307692307692 0.4483173076923077 0.038461538461538464 0.052884615384615384
1 0.4699519230769231 0.5985576923076923 0.036057692307692304 0.052884615384615384
1 0.5204326923076923 0.6225961538461539 0.038461538461538464 0.04807692307692308
1 0.5060096153846154 0.5108173076923077 0.036057692307692304 0.04326923076923077
1 0.71875 0.7259615384615384 0.038461538461538464 0.04807692307692308
1 0.8076923076923077 0.6201923076923077 0.04326923076923077 0.052884615384615384
1 0.43990384615384615 0.16706730769230768 0.04807692307692308 0.07211538461538461
1 0.5432692307692307 0.21394230769230768 0.04807692307692308 0.09375
1 0.5276442307692307 0.3076923076923077 0.038461538461538464 0.052884615384615384
1 0.7163461538461539 0.609375 0.06009615384615385 0.125
1 0.6466346153846154 0.6177884615384616 0.038461538461538464 0.057692307692307696
1 0.7560096153846154 0.37259615384615385 0.2644230769230769 0.3389423076923077
1 0.609375 0.6802884615384616 0.036057692307692304 0.04807692307692308
1 0.5793269230769231 0.3701923076923077 0.038461538461538464 0.04326923076923077
1 0.5997596153846154 0.2860576923076923 0.03125 0.0625
1 0.59375 0.5132211538461539 0.06009615384615385 0.20192307692307693