1 0.07211538461538461 0.6923076923076923 0.0625 0.07211538461538461
1 0.038461538461538464 0.4182692307692308 0.06009615384615385 0.08413461538461539
1 0.0985576923076923 0.5276442307692307 0.07932692307692307 0.0889423076923077
1 0.11298076923076923 0.3076923076923077 0.08173076923076923 0.19230769230769232
1 0.296875 0.25841346153846156 0.057692307692307696 0.08413461538461539
1 0.8653846153846154 0.06850961538461539 0.057692307692307696 0.07932692307692307
1 0.5685096153846154 0.7139423076923077 0.05048076923076923 0.11298076923076923
1 0.6394230769230769 0.8149038461538461 0.057692307692307696 0.07932692307692307
1 0.6201923076923077 0.6742788461538461 0.03365384615384615 0.07932692307692307
1 0.8557692307692307 0.5252403846153846 0.057692307692307696 0.08413461538461539
1 0.8161057692307693 0.8569711538461539 0.04326923076923077 0.0889423076923077
1 0.9579326923076923 0.4675480769230769 0.040865384615384616 0.0625
1 0.9699519230769231 0.8449519230769231 0.040865384615384616 0.0673076923076923