1 0.24519230769230768 0.9254807692307693 0.052884615384615384 0.038461538461538464
1 0.2860576923076923 0.7764423076923077 0.08173076923076923 0.038461538461538464
1 0.48197115384615385 0.9254807692307693 0.07211538461538461 0.05048076923076923
1 0.49278846153846156 0.8112980769230769 0.08173076923076923 0.03365384615384615
1 0.41947115384615385 0.7415865384615384 0.07692307692307693 0.05048076923076923
1 0.3425480769230769 0.7235576923076923 0.04807692307692308 0.028846153846153848
1 0.3894230769230769 0.6983173076923077 0.03365384615384615 0.02403846153846154
1 0.18509615384615385 0.5204326923076923 0.08173076923076923 0.09375
1 0.1310096153846154 0.3245192307692308 0.14182692307692307 0.09134615384615384
1 0.23076923076923078 0.13822115384615385 0.04326923076923077 0.038461538461538464
1 0.671875 0.9495192307692307 0.04326923076923077 0.036057692307692304
1 0.6550480769230769 0.8942307692307693 0.04326923076923077 0.036057692307692304
1 0.734375 0.953125 0.04326923076923077 0.0625
1 0.2704326923076923 0.48197115384615385 0.055288461538461536 0.057692307692307696
1 0.3605769230769231 0.5228365384615384 0.055288461538461536 0.0673076923076923
1 0.3088942307692308 0.40865384615384615 0.0673076923076923 0.04326923076923077
1 0.3798076923076923 0.28125 0.04326923076923077 0.03365384615384615
1 0.41586538461538464 0.4026442307692308 0.1201923076923077 0.09615384615384616
1 0.46634615384615385 0.3088942307692308 0.038461538461538464 0.028846153846153848
1 0.45552884615384615 0.671875 0.07692307692307693 0.04326923076923077
1 0.5216346153846154 0.65625 0.038461538461538464 0.02403846153846154
1 0.5144230769230769 0.6213942307692307 0.11778846153846154 0.038461538461538464
1 0.5276442307692307 0.7704326923076923 0.055288461538461536 0.026442307692307692
1 0.5372596153846154 0.7283653846153846 0.10096153846153846 0.05048076923076923
1 0.6670673076923077 0.8293269230769231 0.04807692307692308 0.03125
1 0.6586538461538461 0.7788461538461539 0.09615384615384616 0.04326923076923077
1 0.6802884615384616 0.7259615384615384 0.0889423076923077 0.04326923076923077
1 0.5661057692307693 0.5144230769230769 0.1201923076923077 0.09375
1 0.6586538461538461 0.5408653846153846 0.04326923076923077 0.028846153846153848
1 0.7620192307692307 0.8774038461538461 0.0625 0.055288461538461536
1 0.7379807692307693 0.8305288461538461 0.052884615384615384 0.038461538461538464
1 0.796875 0.8040865384615384 0.028846153846153848 0.03365384615384615
1 0.7680288461538461 0.7620192307692307 0.055288461538461536 0.038461538461538464
1 0.7716346153846154 0.6995192307692307 0.08173076923076923 0.06490384615384616
1 0.8485576923076923 0.6670673076923077 0.04326923076923077 0.05048076923076923
1 0.8485576923076923 0.6021634615384616 0.038461538461538464 0.03125
1 0.8353365384615384 0.5276442307692307 0.038461538461538464 0.04326923076923077
1 0.7680288461538461 0.5504807692307693 0.0673076923076923 0.057692307692307696
1 0.6538461538461539 0.43028846153846156 0.038461538461538464 0.038461538461538464
1 0.5360576923076923 0.390625 0.036057692307692304 0.028846153846153848
1 0.5372596153846154 0.33052884615384615 0.04326923076923077 0.03125
1 0.5420673076923077 0.23197115384615385 0.0673076923076923 0.04326923076923077
1 0.5637019230769231 0.1778846153846154 0.052884615384615384 0.038461538461538464
1 0.5733173076923077 0.13701923076923078 0.04807692307692308 0.03365384615384615
1 0.6045673076923077 0.10336538461538461 0.04807692307692308 0.028846153846153848
1 0.8185096153846154 0.20673076923076922 0.07692307692307693 0.06009615384615385
1 0.609375 0.36899038461538464 0.07211538461538461 0.06490384615384616
1 0.6081730769230769 0.3112980769230769 0.038461538461538464 0.02403846153846154
1 0.6201923076923077 0.2548076923076923 0.04807692307692308 0.04807692307692308
1 0.7007211538461539 0.27884615384615385 0.09615384615384616 0.23557692307692307
1 0.7836538461538461 0.34615384615384615 0.06490384615384616 0.10576923076923077
1 0.8834134615384616 0.3894230769230769 0.03365384615384615 0.04326923076923077
1 0.7427884615384616 0.46033653846153844 0.10576923076923077 0.11778846153846154
1 0.8257211538461539 0.4375 0.06009615384615385 0.07451923076923077