1 0.07451923076923077 0.24519230769230768 0.038461538461538464 0.052884615384615384
1 0.22355769230769232 0.2860576923076923 0.038461538461538464 0.08173076923076923
1 0.07451923076923077 0.48197115384615385 0.05048076923076923 0.07211538461538461
1 0.18870192307692307 0.49278846153846156 0.03365384615384615 0.08173076923076923
1 0.25841346153846156 0.41947115384615385 0.05048076923076923 0.07692307692307693
1 0.2764423076923077 0.3425480769230769 0.028846153846153848 0.04807692307692308
1 0.3016826923076923 0.3894230769230769 0.02403846153846154 0.03365384615384615
1 0.4795673076923077 0.18509615384615385 0.09375 0.08173076923076923
1 0.6754807692307693 0.1310096153846154 0.09134615384615384 0.14182692307692307
1 0.8617788461538461 0.23076923076923078 0.038461538461538464 0.04326923076923077
1 0.05048076923076923 0.671875 0.03365384615384615 0.04326923076923077
1 0.10576923076923077 0.6550480769230769 0.03365384615384615 0.04326923076923077
1 0.046875 0.734375 0.0625 0.04326923076923077
1 0.5180288461538461 0.2704326923076923 0.057692307692307696 0.055288461538461536
1 0.47716346153846156 0.3605769230769231 0.0673076923076923 0.055288461538461536
1 0.5913461538461539 0.3088942307692308 0.04326923076923077 0.0673076923076923
1 0.71875 0.3798076923076923 0.03365384615384615 0.04326923076923077
1 0.5973557692307693 0.41586538461538464 0.09615384615384616 0.1201923076923077
1 0.6911057692307693 0.46634615384615385 0.028846153846153848 0.038461538461538464
1 0.328125 0.45552884615384615 0.04326923076923077 0.07692307692307693
1 0.34375 0.5216346153846154 0.02403846153846154 0.038461538461538464
1 0.3786057692307692 0.5144230769230769 0.038461538461538464 0.11778846153846154
1 0.22956730769230768 0.5276442307692307 0.026442307692307692 0.055288461538461536
1 0.27163461538461536 0.5372596153846154 0.05048076923076923 0.10096153846153846
1 0.17067307692307693 0.6670673076923077 0.03125 0.04807692307692308
1 0.22115384615384615 0.6586538461538461 0.04326923076923077 0.09615384615384616
1 0.27403846153846156 0.6802884615384616 0.04326923076923077 0.0889423076923077
1 0.4855769230769231 0.5661057692307693 0.09375 0.1201923076923077
1 0.45913461538461536 0.6586538461538461 0.028846153846153848 0.04326923076923077
1 0.12259615384615384 0.7620192307692307 0.055288461538461536 0.0625
1 0.16947115384615385 0.7379807692307693 0.038461538461538464 0.052884615384615384
1 0.19591346153846154 0.796875 0.03365384615384615 0.028846153846153848
1 0.23798076923076922 0.7680288461538461 0.038461538461538464 0.055288461538461536
1 0.3004807692307692 0.7716346153846154 0.06490384615384616 0.08173076923076923
1 0.3329326923076923 0.8485576923076923 0.05048076923076923 0.04326923076923077
1 0.39783653846153844 0.8485576923076923 0.03125 0.038461538461538464
1 0.4723557692307692 0.8353365384615384 0.04326923076923077 0.038461538461538464
1 0.4495192307692308 0.7680288461538461 0.057692307692307696 0.0673076923076923
1 0.5697115384615384 0.6538461538461539 0.038461538461538464 0.038461538461538464
1 0.609375 0.5360576923076923 0.028846153846153848 0.036057692307692304
1 0.6694711538461539 0.5372596153846154 0.03125 0.04326923076923077
1 0.7680288461538461 0.5420673076923077 0.04326923076923077 0.0673076923076923
1 0.8221153846153846 0.5637019230769231 0.038461538461538464 0.052884615384615384
1 0.8629807692307693 0.5733173076923077 0.03365384615384615 0.04807692307692308
1 0.8966346153846154 0.6045673076923077 0.028846153846153848 0.04807692307692308
1 0.7932692307692307 0.8185096153846154 0.06009615384615385 0.07692307692307693
1 0.6310096153846154 0.609375 0.06490384615384616 0.07211538461538461
1 0.6887019230769231 0.6081730769230769 0.02403846153846154 0.038461538461538464
1 0.7451923076923077 0.6201923076923077 0.04807692307692308 0.04807692307692308
1 0.7211538461538461 0.7007211538461539 0.23557692307692307 0.09615384615384616
1 0.6538461538461539 0.7836538461538461 0.10576923076923077 0.06490384615384616
1 0.6105769230769231 0.8834134615384616 0.04326923076923077 0.03365384615384615
1 0.5396634615384616 0.7427884615384616 0.11778846153846154 0.10576923076923077
1 0.5625 0.8257211538461539 0.07451923076923077 0.06009615384615385