1 0.890625 0.9014423076923077 0.03365384615384615 0.0673076923076923
1 0.7415865384615384 0.8245192307692307 0.036057692307692304 0.04807692307692308
1 0.6514423076923077 0.6646634615384616 0.02403846153846154 0.038461538461538464
1 0.6790865384615384 0.5552884615384616 0.11538461538461539 0.14423076923076922
1 0.8137019230769231 0.47115384615384615 0.028846153846153848 0.038461538461538464
1 0.8040865384615384 0.5348557692307693 0.10096153846153846 0.052884615384615384
1 0.5324519230769231 0.32091346153846156 0.028846153846153848 0.057692307692307696
1 0.45072115384615385 0.46875 0.038461538461538464 0.04326923076923077
1 0.4110576923076923 0.38461538461538464 0.04807692307692308 0.052884615384615384
1 0.33413461538461536 0.29086538461538464 0.038461538461538464 0.052884615384615384
1 0.33774038461538464 0.47596153846153844 0.04326923076923077 0.0985576923076923
1 0.109375 0.28966346153846156 0.04326923076923077 0.07211538461538461
1 0.4170673076923077 0.6622596153846154 0.036057692307692304 0.05048076923076923
1 0.5048076923076923 0.6394230769230769 0.0673076923076923 0.05048076923076923
1 0.0889423076923077 0.5384615384615384 0.05048076923076923 0.0625
1 0.2548076923076923 0.7295673076923077 0.08413461538461539 0.0673076923076923
1 0.14182692307692307 0.7379807692307693 0.04326923076923077 0.057692307692307696
1 0.8798076923076923 0.6069711538461539 0.028846153846153848 0.03125
1 0.9242788461538461 0.6322115384615384 0.02403846153846154 0.02403846153846154
1 0.7944711538461539 0.6177884615384616 0.036057692307692304 0.04807692307692308
1 0.02283653846153846 0.8389423076923077 0.04326923076923077 0.0625