1 0.0985576923076923 0.890625 0.0673076923076923 0.03365384615384615
1 0.17548076923076922 0.7415865384615384 0.04807692307692308 0.036057692307692304
1 0.33533653846153844 0.6514423076923077 0.038461538461538464 0.02403846153846154
1 0.44471153846153844 0.6790865384615384 0.14423076923076922 0.11538461538461539
1 0.5288461538461539 0.8137019230769231 0.038461538461538464 0.028846153846153848
1 0.4651442307692308 0.8040865384615384 0.052884615384615384 0.10096153846153846
1 0.6790865384615384 0.5324519230769231 0.057692307692307696 0.028846153846153848
1 0.53125 0.45072115384615385 0.04326923076923077 0.038461538461538464
1 0.6153846153846154 0.4110576923076923 0.052884615384615384 0.04807692307692308
1 0.7091346153846154 0.33413461538461536 0.052884615384615384 0.038461538461538464
1 0.5240384615384616 0.33774038461538464 0.0985576923076923 0.04326923076923077
1 0.7103365384615384 0.109375 0.07211538461538461 0.04326923076923077
1 0.33774038461538464 0.4170673076923077 0.05048076923076923 0.036057692307692304
1 0.3605769230769231 0.5048076923076923 0.05048076923076923 0.0673076923076923
1 0.46153846153846156 0.0889423076923077 0.0625 0.05048076923076923
1 0.2704326923076923 0.2548076923076923 0.0673076923076923 0.08413461538461539
1 0.2620192307692308 0.14182692307692307 0.057692307692307696 0.04326923076923077
1 0.39302884615384615 0.8798076923076923 0.028846153846153848 0.028846153846153848
1 0.36778846153846156 0.9242788461538461 0.02403846153846154 0.026442307692307692
1 0.38221153846153844 0.7944711538461539 0.04807692307692308 0.036057692307692304
1 0.16105769230769232 0.02283653846153846 0.0625 0.04326923076923077