1 0.24879807692307693 0.7596153846153846 0.06009615384615385 0.04807692307692308
1 0.5228365384615384 0.8100961538461539 0.09615384615384616 0.04807692307692308
1 0.7091346153846154 0.7872596153846154 0.07692307692307693 0.04326923076923077
1 0.49399038461538464 0.7283653846153846 0.04567307692307692 0.03365384615384615
1 0.6057692307692307 0.6634615384615384 0.09615384615384616 0.11778846153846154
1 0.6983173076923077 0.6923076923076923 0.057692307692307696 0.07211538461538461
1 0.7139423076923077 0.6033653846153846 0.04326923076923077 0.040865384615384616
1 0.48677884615384615 0.6033653846153846 0.057692307692307696 0.04326923076923077
1 0.3858173076923077 0.5685096153846154 0.04807692307692308 0.03365384615384615
1 0.5889423076923077 0.5252403846153846 0.0625 0.038461538461538464
1 0.8377403846153846 0.4050480769230769 0.052884615384615384 0.06009615384615385
1 0.8064903846153846 0.2800480769230769 0.057692307692307696 0.04807692307692308
1 0.6971153846153846 0.3918269230769231 0.057692307692307696 0.05048076923076923
1 0.6189903846153846 0.46634615384615385 0.04807692307692308 0.036057692307692304
1 0.5973557692307693 0.4098557692307692 0.0625 0.03125
1 0.5060096153846154 0.4362980769230769 0.04807692307692308 0.026442307692307692
1 0.4699519230769231 0.3293269230769231 0.04326923076923077 0.03365384615384615
1 0.4483173076923077 0.47596153846153844 0.036057692307692304 0.02403846153846154
1 0.2764423076923077 0.4795673076923077 0.14903846153846154 0.24759615384615385
1 0.296875 0.2956730769230769 0.04807692307692308 0.03365384615384615
1 0.36778846153846156 0.31490384615384615 0.038461538461538464 0.038461538461538464
1 0.3473557692307692 0.20793269230769232 0.04567307692307692 0.04326923076923077
1 0.4579326923076923 0.39903846153846156 0.0625 0.028846153846153848
1 0.7764423076923077 0.6310096153846154 0.052884615384615384 0.08653846153846154