1 0.7596153846153846 0.7512019230769231 0.04807692307692308 0.06009615384615385
1 0.8100961538461539 0.47716346153846156 0.04807692307692308 0.09615384615384616
1 0.7872596153846154 0.29086538461538464 0.04326923076923077 0.07692307692307693
1 0.7283653846153846 0.5060096153846154 0.03365384615384615 0.04567307692307692
1 0.6634615384615384 0.3942307692307692 0.11778846153846154 0.09615384615384616
1 0.6923076923076923 0.3016826923076923 0.07211538461538461 0.057692307692307696
1 0.6033653846153846 0.2860576923076923 0.040865384615384616 0.04326923076923077
1 0.6033653846153846 0.5132211538461539 0.04326923076923077 0.057692307692307696
1 0.5685096153846154 0.6141826923076923 0.03365384615384615 0.04807692307692308
1 0.5252403846153846 0.4110576923076923 0.038461538461538464 0.0625
1 0.4050480769230769 0.1622596153846154 0.06009615384615385 0.052884615384615384
1 0.2800480769230769 0.1935096153846154 0.04807692307692308 0.057692307692307696
1 0.3918269230769231 0.30288461538461536 0.05048076923076923 0.057692307692307696
1 0.46634615384615385 0.38100961538461536 0.036057692307692304 0.04807692307692308
1 0.4098557692307692 0.4026442307692308 0.03125 0.0625
1 0.4362980769230769 0.49399038461538464 0.026442307692307692 0.04807692307692308
1 0.3293269230769231 0.5300480769230769 0.03365384615384615 0.04326923076923077
1 0.47596153846153844 0.5516826923076923 0.02403846153846154 0.036057692307692304
1 0.4795673076923077 0.7235576923076923 0.24759615384615385 0.14903846153846154
1 0.2956730769230769 0.703125 0.03365384615384615 0.04807692307692308
1 0.31490384615384615 0.6322115384615384 0.038461538461538464 0.038461538461538464
1 0.20793269230769232 0.6526442307692307 0.04326923076923077 0.04567307692307692
1 0.39903846153846156 0.5420673076923077 0.028846153846153848 0.0625
1 0.6310096153846154 0.22355769230769232 0.0889423076923077 0.052884615384615384