1 0.7872596153846154 0.2512019230769231 0.1875 0.10576923076923077
1 0.3870192307692308 0.4014423076923077 0.07211538461538461 0.028846153846153848
1 0.9675480769230769 0.6298076923076923 0.040865384615384616 0.036057692307692304
1 0.8052884615384616 0.6658653846153846 0.23076923076923078 0.13701923076923078
1 0.4951923076923077 0.7584134615384616 0.1346153846153846 0.07451923076923077
1 0.40384615384615385 0.8677884615384616 0.040865384615384616 0.026442307692307692
1 0.6057692307692307 0.6790865384615384 0.0625 0.07451923076923077
1 0.5408653846153846 0.6778846153846154 0.04326923076923077 0.03365384615384615
1 0.43149038461538464 0.6682692307692307 0.10576923076923077 0.0625
1 0.6141826923076923 0.5925480769230769 0.052884615384615384 0.038461538461538464
1 0.5360576923076923 0.6189903846153846 0.052884615384615384 0.04326923076923077
1 0.42908653846153844 0.6057692307692307 0.057692307692307696 0.03365384615384615
1 0.3401442307692308 0.49759615384615385 0.04567307692307692 0.03365384615384615
1 0.8341346153846154 0.44711538461538464 0.2644230769230769 0.24278846153846154
1 0.37259615384615385 0.5697115384615384 0.0625 0.02403846153846154
1 0.5348557692307693 0.4963942307692308 0.28846153846153844 0.08413461538461539
1 0.4879807692307692 0.5600961538461539 0.10576923076923077 0.038461538461538464
1 0.6466346153846154 0.3605769230769231 0.09615384615384616 0.057692307692307696
1 0.5745192307692307 0.42427884615384615 0.09134615384615384 0.052884615384615384