1 0.46634615384615385 0.9675480769230769 0.09134615384615384 0.06009615384615385
1 0.5997596153846154 0.9891826923076923 0.06009615384615385 0.016826923076923076
1 0.39783653846153844 0.8701923076923077 0.0625 0.038461538461538464
1 0.23197115384615385 0.8028846153846154 0.052884615384615384 0.03365384615384615
1 0.6778846153846154 0.7824519230769231 0.07211538461538461 0.0673076923076923
1 0.3762019230769231 0.6971153846153846 0.15865384615384615 0.07451923076923077
1 0.5913461538461539 0.5913461538461539 0.11778846153846154 0.09375
1 0.5576923076923077 0.4495192307692308 0.0625 0.038461538461538464
1 0.8028846153846154 0.28846153846153844 0.0625 0.038461538461538464
1 0.8365384615384616 0.43509615384615385 0.038461538461538464 0.038461538461538464
1 0.3293269230769231 0.5264423076923077 0.0673076923076923 0.038461538461538464
1 0.4579326923076923 0.4362980769230769 0.07211538461538461 0.04326923076923077
1 0.3762019230769231 0.3605769230769231 0.07211538461538461 0.04326923076923077
1 0.2764423076923077 0.3173076923076923 0.04807692307692308 0.028846153846153848