1 0.5360576923076923 0.03245192307692308 0.09134615384615384 0.06009615384615385
1 0.4014423076923077 0.010817307692307692 0.0625 0.016826923076923076
1 0.6021634615384616 0.12980769230769232 0.0625 0.038461538461538464
1 0.7680288461538461 0.1971153846153846 0.052884615384615384 0.03365384615384615
1 0.32211538461538464 0.21754807692307693 0.07211538461538461 0.0673076923076923
1 0.6237980769230769 0.30288461538461536 0.15865384615384615 0.07451923076923077
1 0.40865384615384615 0.40865384615384615 0.11778846153846154 0.09375
1 0.4423076923076923 0.5504807692307693 0.0625 0.038461538461538464
1 0.1971153846153846 0.7115384615384616 0.0625 0.038461538461538464
1 0.16346153846153846 0.5649038461538461 0.038461538461538464 0.038461538461538464
1 0.6706730769230769 0.4735576923076923 0.0673076923076923 0.038461538461538464
1 0.5420673076923077 0.5637019230769231 0.07211538461538461 0.04326923076923077
1 0.6237980769230769 0.6394230769230769 0.07211538461538461 0.04326923076923077
1 0.7235576923076923 0.6826923076923077 0.04807692307692308 0.028846153846153848