1 0.06971153846153846 0.3076923076923077 0.014423076923076924 0.03365384615384615
1 0.056490384615384616 0.19951923076923078 0.014423076923076924 0.04326923076923077
1 0.078125 0.20552884615384615 0.009615384615384616 0.026442307692307692
1 0.06129807692307692 0.1201923076923077 0.014423076923076924 0.03365384615384615
1 0.09975961538461539 0.1310096153846154 0.04807692307692308 0.10576923076923077
1 0.11538461538461539 0.2127403846153846 0.02403846153846154 0.03365384615384615
1 0.17548076923076922 0.28365384615384615 0.1201923076923077 0.08653846153846154
1 0.19831730769230768 0.21634615384615385 0.014423076923076924 0.038461538461538464
1 0.1658653846153846 0.21153846153846154 0.03125 0.04326923076923077
1 0.13701923076923078 0.16947115384615385 0.016826923076923076 0.03365384615384615
1 0.171875 0.14423076923076922 0.04326923076923077 0.07211538461538461
1 0.1778846153846154 0.0673076923076923 0.019230769230769232 0.03365384615384615
1 0.1502403846153846 0.016826923076923076 0.014423076923076924 0.019230769230769232
1 0.2091346153846154 0.0829326923076923 0.019230769230769232 0.040865384615384616