1 0.3076923076923077 0.06971153846153846 0.03365384615384615 0.014423076923076924
1 0.19951923076923078 0.056490384615384616 0.04326923076923077 0.014423076923076924
1 0.20552884615384615 0.078125 0.026442307692307692 0.009615384615384616
1 0.1201923076923077 0.06129807692307692 0.03365384615384615 0.014423076923076924
1 0.1310096153846154 0.09975961538461539 0.10576923076923077 0.04807692307692308
1 0.2127403846153846 0.11538461538461539 0.03365384615384615 0.02403846153846154
1 0.28365384615384615 0.17548076923076922 0.08653846153846154 0.1201923076923077
1 0.21634615384615385 0.19831730769230768 0.038461538461538464 0.014423076923076924
1 0.21153846153846154 0.1658653846153846 0.04326923076923077 0.03125
1 0.16947115384615385 0.13701923076923078 0.03365384615384615 0.016826923076923076
1 0.14423076923076922 0.171875 0.07211538461538461 0.04326923076923077
1 0.0673076923076923 0.1778846153846154 0.03365384615384615 0.019230769230769232
1 0.016826923076923076 0.1502403846153846 0.019230769230769232 0.014423076923076924
1 0.0829326923076923 0.2091346153846154 0.040865384615384616 0.019230769230769232