1 0.8365384615384616 0.6646634615384616 0.038461538461538464 0.028846153846153848
1 0.8894230769230769 0.8569711538461539 0.057692307692307696 0.04326923076923077
1 0.7091346153846154 0.7475961538461539 0.1201923076923077 0.11538461538461539
1 0.7788461538461539 0.4050480769230769 0.2403846153846154 0.25
1 0.7235576923076923 0.23197115384615385 0.13942307692307693 0.055288461538461536
1 0.6610576923076923 0.6021634615384616 0.1875 0.11538461538461539
1 0.6033653846153846 0.47475961538461536 0.0625 0.10096153846153846
1 0.5288461538461539 0.29447115384615385 0.1346153846153846 0.25
1 0.33653846153846156 0.21754807692307693 0.23076923076923078 0.11538461538461539
1 0.47115384615384615 0.5420673076923077 0.125 0.17548076923076922
1 0.39903846153846156 0.42788461538461536 0.038461538461538464 0.04326923076923077
1 0.3581730769230769 0.7644230769230769 0.22596153846153846 0.12980769230769232
1 0.18509615384615385 0.7103365384615384 0.0625 0.08173076923076923
1 0.04807692307692308 0.7247596153846154 0.057692307692307696 0.05048076923076923
1 0.35096153846153844 0.625 0.09615384615384616 0.11057692307692307
1 0.33653846153846156 0.4723557692307692 0.057692307692307696 0.09615384615384616
1 0.22596153846153846 0.5528846153846154 0.057692307692307696 0.055288461538461536
1 0.15144230769230768 0.47475961538461536 0.12980769230769232 0.06971153846153846
1 0.27884615384615385 0.36538461538461536 0.16346153846153846 0.10096153846153846