1 0.33533653846153844 0.8365384615384616 0.028846153846153848 0.038461538461538464
1 0.14302884615384615 0.8894230769230769 0.04326923076923077 0.057692307692307696
1 0.25240384615384615 0.7091346153846154 0.11538461538461539 0.1201923076923077
1 0.5949519230769231 0.7788461538461539 0.25 0.2403846153846154
1 0.7680288461538461 0.7235576923076923 0.055288461538461536 0.13942307692307693
1 0.39783653846153844 0.6610576923076923 0.11538461538461539 0.1875
1 0.5252403846153846 0.6033653846153846 0.10096153846153846 0.0625
1 0.7055288461538461 0.5288461538461539 0.25 0.1346153846153846
1 0.7824519230769231 0.33653846153846156 0.11538461538461539 0.23076923076923078
1 0.4579326923076923 0.47115384615384615 0.17548076923076922 0.125
1 0.5721153846153846 0.39903846153846156 0.04326923076923077 0.038461538461538464
1 0.23557692307692307 0.3581730769230769 0.12980769230769232 0.22596153846153846
1 0.28966346153846156 0.18509615384615385 0.08173076923076923 0.0625
1 0.27524038461538464 0.04807692307692308 0.05048076923076923 0.057692307692307696
1 0.375 0.35096153846153844 0.11057692307692307 0.09615384615384616
1 0.5276442307692307 0.33653846153846156 0.09615384615384616 0.057692307692307696
1 0.44711538461538464 0.22596153846153846 0.055288461538461536 0.057692307692307696
1 0.5252403846153846 0.15144230769230768 0.06971153846153846 0.12980769230769232
1 0.6346153846153846 0.27884615384615385 0.10096153846153846 0.16346153846153846