1 0.08533653846153846 0.24639423076923078 0.05048076923076923 0.15865384615384615
1 0.020432692307692308 0.46274038461538464 0.026442307692307692 0.02403846153846154
1 0.16466346153846154 0.3894230769230769 0.05048076923076923 0.028846153846153848
1 0.38221153846153844 0.20552884615384615 0.28365384615384615 0.11538461538461539
1 0.18990384615384615 0.19591346153846154 0.052884615384615384 0.038461538461538464
1 0.47115384615384615 0.3786057692307692 0.14903846153846154 0.20673076923076922
1 0.6117788461538461 0.3401442307692308 0.04326923076923077 0.038461538461538464
1 0.43028846153846156 0.53125 0.08653846153846154 0.07692307692307693
1 0.3245192307692308 0.5564903846153846 0.07692307692307693 0.04807692307692308
1 0.4266826923076923 0.6057692307692307 0.09375 0.04807692307692308
1 0.546875 0.6478365384615384 0.08173076923076923 0.16826923076923078
1 0.6129807692307693 0.6538461538461539 0.038461538461538464 0.07211538461538461
1 0.6298076923076923 0.7524038461538461 0.06009615384615385 0.07451923076923077
1 0.6670673076923077 0.8377403846153846 0.10096153846153846 0.055288461538461536
1 0.5504807692307693 0.8161057692307693 0.052884615384615384 0.04326923076923077
1 0.5961538461538461 0.9110576923076923 0.052884615384615384 0.03365384615384615