1 0.9795673076923077 0.2692307692307692 0.038461538461538464 0.052884615384615384
1 0.8762019230769231 0.2536057692307692 0.03125 0.10096153846153846
1 0.6995192307692307 0.7319711538461539 0.16826923076923078 0.11538461538461539
1 0.765625 0.5552884615384616 0.06971153846153846 0.11057692307692307
1 0.8846153846153846 0.4423076923076923 0.036057692307692304 0.09134615384615384
1 0.7079326923076923 0.5372596153846154 0.028846153846153848 0.15384615384615385
1 0.6418269230769231 0.5360576923076923 0.0625 0.08653846153846154
1 0.5180288461538461 0.5637019230769231 0.026442307692307692 0.08653846153846154
1 0.5685096153846154 0.7019230769230769 0.052884615384615384 0.17548076923076922
1 0.5264423076923077 0.7175480769230769 0.016826923076923076 0.11538461538461539
1 0.5612980769230769 0.27524038461538464 0.040865384615384616 0.1201923076923077
1 0.8329326923076923 0.07091346153846154 0.04326923076923077 0.05048076923076923
1 0.8341346153846154 0.019230769230769232 0.04326923076923077 0.03365384615384615
1 0.5949519230769231 0.4699519230769231 0.028846153846153848 0.10336538461538461
1 0.5444711538461539 0.11778846153846154 0.028846153846153848 0.15865384615384615
1 0.5192307692307693 0.375 0.02403846153846154 0.0625
1 0.7295673076923077 0.11899038461538461 0.16105769230769232 0.23317307692307693
1 0.7163461538461539 0.3485576923076923 0.1778846153846154 0.21875
1 0.6153846153846154 0.09735576923076923 0.057692307692307696 0.18990384615384615
1 0.6117788461538461 0.2692307692307692 0.019230769230769232 0.04807692307692308
1 0.6033653846153846 0.35697115384615385 0.028846153846153848 0.0625