1 0.020432692307692308 0.7307692307692307 0.038461538461538464 0.052884615384615384
1 0.12379807692307693 0.7463942307692307 0.03125 0.10096153846153846
1 0.3004807692307692 0.26802884615384615 0.16826923076923078 0.11538461538461539
1 0.234375 0.44471153846153844 0.06971153846153846 0.11057692307692307
1 0.11538461538461539 0.5576923076923077 0.036057692307692304 0.09134615384615384
1 0.2920673076923077 0.46274038461538464 0.028846153846153848 0.15384615384615385
1 0.3581730769230769 0.4639423076923077 0.0625 0.08653846153846154
1 0.48197115384615385 0.4362980769230769 0.026442307692307692 0.08653846153846154
1 0.43149038461538464 0.2980769230769231 0.052884615384615384 0.17548076923076922
1 0.4735576923076923 0.2824519230769231 0.016826923076923076 0.11538461538461539
1 0.4387019230769231 0.7247596153846154 0.040865384615384616 0.1201923076923077
1 0.16706730769230768 0.9290865384615384 0.04326923076923077 0.05048076923076923
1 0.1658653846153846 0.9807692307692307 0.04326923076923077 0.03365384615384615
1 0.4050480769230769 0.5300480769230769 0.028846153846153848 0.10336538461538461
1 0.45552884615384615 0.8822115384615384 0.028846153846153848 0.15865384615384615
1 0.4807692307692308 0.625 0.02403846153846154 0.0625
1 0.2704326923076923 0.8810096153846154 0.16105769230769232 0.23317307692307693
1 0.28365384615384615 0.6514423076923077 0.1778846153846154 0.21634615384615385
1 0.3858173076923077 0.9026442307692307 0.06009615384615385 0.18990384615384615
1 0.38822115384615385 0.7307692307692307 0.019230769230769232 0.04807692307692308
1 0.39663461538461536 0.6430288461538461 0.028846153846153848 0.0625