1 0.38822115384615385 0.32091346153846156 0.028846153846153848 0.04326923076923077
1 0.109375 0.9182692307692307 0.02403846153846154 0.04326923076923077
1 0.08413461538461539 0.8413461538461539 0.014423076923076924 0.038461538461538464
1 0.33774038461538464 0.21033653846153846 0.052884615384615384 0.057692307692307696
1 0.14903846153846154 0.25721153846153844 0.02403846153846154 0.04326923076923077
1 0.2860576923076923 0.3137019230769231 0.028846153846153848 0.05048076923076923
1 0.23197115384615385 0.24639423076923078 0.052884615384615384 0.057692307692307696
1 0.3125 0.4495192307692308 0.02403846153846154 0.028846153846153848
1 0.8846153846153846 0.4963942307692308 0.014423076923076924 0.021634615384615384
1 0.8774038461538461 0.44471153846153844 0.02403846153846154 0.03365384615384615
1 0.8149038461538461 0.4074519230769231 0.07211538461538461 0.09134615384615384
1 0.7680288461538461 0.484375 0.07451923076923077 0.0625
1 0.75 0.40024038461538464 0.04326923076923077 0.10096153846153846
1 0.8882211538461539 0.7103365384615384 0.06971153846153846 0.27884615384615385
1 0.8064903846153846 0.6069711538461539 0.07932692307692307 0.09134615384615384
1 0.7367788461538461 0.5612980769230769 0.02403846153846154 0.036057692307692304
1 0.6887019230769231 0.515625 0.0625 0.13221153846153846
1 0.6153846153846154 0.48197115384615385 0.052884615384615384 0.11538461538461539
1 0.5612980769230769 0.35697115384615385 0.02403846153846154 0.028846153846153848
1 0.65625 0.38221153846153844 0.03125 0.036057692307692304
1 0.7475961538461539 0.8004807692307693 0.1875 0.27884615384615385
1 0.6225961538461539 0.9711538461538461 0.02403846153846154 0.05048076923076923
1 0.609375 0.7548076923076923 0.08413461538461539 0.1875
1 0.6346153846153846 0.8737980769230769 0.028846153846153848 0.038461538461538464
1 0.6887019230769231 0.6430288461538461 0.04326923076923077 0.028846153846153848