1 0.3557692307692308 0.23076923076923078 0.03125 0.04807692307692308
1 0.06129807692307692 0.9074519230769231 0.02403846153846154 0.04807692307692308
1 0.03485576923076923 0.8197115384615384 0.016826923076923076 0.04326923076923077
1 0.3016826923076923 0.10576923076923077 0.057692307692307696 0.06490384615384616
1 0.10216346153846154 0.15745192307692307 0.026442307692307692 0.04807692307692308
1 0.24759615384615385 0.22235576923076922 0.028846153846153848 0.057692307692307696
1 0.19110576923076922 0.14543269230769232 0.057692307692307696 0.06490384615384616
1 0.27524038461538464 0.3762019230769231 0.026442307692307692 0.03365384615384615
1 0.8786057692307693 0.42908653846153844 0.014423076923076924 0.02403846153846154
1 0.8701923076923077 0.3701923076923077 0.026442307692307692 0.036057692307692304
1 0.8052884615384616 0.328125 0.07692307692307693 0.10576923076923077
1 0.7548076923076923 0.41466346153846156 0.07692307692307693 0.06971153846153846
1 0.7367788461538461 0.31971153846153844 0.04567307692307692 0.11298076923076923
1 0.8822115384615384 0.671875 0.07211538461538461 0.3173076923076923
1 0.7956730769230769 0.5540865384615384 0.08413461538461539 0.10576923076923077
1 0.7235576923076923 0.5024038461538461 0.02403846153846154 0.040865384615384616
1 0.671875 0.4519230769230769 0.0673076923076923 0.14903846153846154
1 0.5949519230769231 0.41346153846153844 0.052884615384615384 0.12980769230769232
1 0.5372596153846154 0.27163461538461536 0.026442307692307692 0.03365384615384615
1 0.6382211538461539 0.29927884615384615 0.03365384615384615 0.040865384615384616
1 0.734375 0.7728365384615384 0.1971153846153846 0.3173076923076923
1 0.6021634615384616 0.9675480769230769 0.026442307692307692 0.057692307692307696
1 0.5877403846153846 0.7223557692307693 0.0889423076923077 0.21634615384615385
1 0.6153846153846154 0.8557692307692307 0.028846153846153848 0.04326923076923077
1 0.671875 0.5949519230769231 0.04567307692307692 0.03365384615384615