1 0.6634615384615384 0.9819711538461539 0.07211538461538461 0.03365384615384615
1 0.984375 0.7355769230769231 0.028846153846153848 0.02403846153846154
1 0.7644230769230769 0.7692307692307693 0.10576923076923077 0.07211538461538461
1 0.7043269230769231 0.7055288461538461 0.016826923076923076 0.03365384615384615
1 0.7596153846153846 0.7211538461538461 0.02403846153846154 0.014423076923076924
1 0.7391826923076923 0.9783653846153846 0.02403846153846154 0.038461538461538464
1 0.8365384615384616 0.8461538461538461 0.02403846153846154 0.019230769230769232
1 0.7980769230769231 0.8786057692307693 0.03365384615384615 0.021634615384615384
1 0.7632211538461539 0.9242788461538461 0.014423076923076924 0.016826923076923076
1 0.7692307692307693 0.859375 0.019230769230769232 0.03365384615384615
1 0.7584134615384616 0.8197115384615384 0.016826923076923076 0.021634615384615384
1 0.7391826923076923 0.8449519230769231 0.019230769230769232 0.019230769230769232
1 0.7475961538461539 0.8930288461538461 0.021634615384615384 0.02403846153846154
1 0.71875 0.8737980769230769 0.016826923076923076 0.019230769230769232
1 0.6862980769230769 0.8605769230769231 0.03365384615384615 0.026442307692307692
1 0.6802884615384616 0.7920673076923077 0.038461538461538464 0.028846153846153848
1 0.6538461538461539 0.828125 0.06009615384615385 0.03365384615384615
1 0.6274038461538461 0.8617788461538461 0.009615384615384616 0.019230769230769232
1 0.6899038461538461 0.7548076923076923 0.02403846153846154 0.026442307692307692
1 0.6658653846153846 0.7331730769230769 0.016826923076923076 0.03365384615384615
1 0.6358173076923077 0.7439903846153846 0.02403846153846154 0.038461538461538464
1 0.6322115384615384 0.7944711538461539 0.019230769230769232 0.016826923076923076