1 0.11057692307692307 0.04807692307692308 0.1875 0.09134615384615384
1 0.9579326923076923 0.7007211538461539 0.07932692307692307 0.06971153846153846
1 0.37740384615384615 0.6105769230769231 0.28365384615384615 0.19230769230769232
1 0.21754807692307693 0.7776442307692307 0.04326923076923077 0.0889423076923077
1 0.3641826923076923 0.7379807692307693 0.0625 0.036057692307692304
1 0.3088942307692308 0.057692307692307696 0.0673076923076923 0.09615384615384616
1 0.5685096153846154 0.40625 0.0625 0.04807692307692308
1 0.46634615384615385 0.32211538461538464 0.0889423076923077 0.057692307692307696
1 0.3737980769230769 0.19951923076923078 0.036057692307692304 0.04326923076923077
1 0.3894230769230769 0.3713942307692308 0.04807692307692308 0.09375
1 0.3605769230769231 0.47836538461538464 0.04326923076923077 0.057692307692307696
1 0.3112980769230769 0.40865384615384615 0.052884615384615384 0.052884615384615384
1 0.33052884615384615 0.2824519230769231 0.057692307692307696 0.0673076923076923
1 0.25721153846153844 0.3329326923076923 0.04326923076923077 0.052884615384615384
1 0.17067307692307693 0.36899038461538464 0.08413461538461539 0.07211538461538461
1 0.15504807692307693 0.5492788461538461 0.09615384615384616 0.07692307692307693
1 0.08413461538461539 0.45552884615384615 0.15865384615384615 0.08413461538461539
1 0.015625 0.36658653846153844 0.021634615384615384 0.04807692307692308
1 0.18028846153846154 0.6490384615384616 0.0673076923076923 0.06971153846153846
1 0.11538461538461539 0.7067307692307693 0.04567307692307692 0.0889423076923077
1 0.037259615384615384 0.6754807692307693 0.0673076923076923 0.09615384615384616
1 0.028846153846153848 0.5420673076923077 0.05048076923076923 0.04326923076923077