1 0.9411057692307693 0.6694711538461539 0.038461538461538464 0.057692307692307696
1 0.9939903846153846 0.6081730769230769 0.007211538461538462 0.0673076923076923
1 0.9651442307692307 0.5456730769230769 0.04807692307692308 0.04567307692307692
1 0.9831730769230769 0.4519230769230769 0.028846153846153848 0.09615384615384616
1 0.9915865384615384 0.29447115384615385 0.01201923076923077 0.055288461538461536
1 0.8641826923076923 0.27403846153846156 0.06490384615384616 0.07692307692307693
1 0.8112980769230769 0.41466346153846156 0.0985576923076923 0.13701923076923078
1 0.6237980769230769 0.4807692307692308 0.20673076923076922 0.21634615384615385
1 0.6850961538461539 0.6274038461538461 0.052884615384615384 0.052884615384615384
1 0.5721153846153846 0.296875 0.052884615384615384 0.07211538461538461
1 0.49038461538461536 0.26802884615384615 0.038461538461538464 0.06490384615384616
1 0.4651442307692308 0.38221153846153844 0.038461538461538464 0.0985576923076923
1 0.43028846153846156 0.3004807692307692 0.04807692307692308 0.052884615384615384
1 0.40865384615384615 0.359375 0.03365384615384615 0.052884615384615384
1 0.3641826923076923 0.3269230769230769 0.02403846153846154 0.052884615384615384
1 0.35697115384615385 0.4807692307692308 0.13942307692307693 0.1778846153846154
1 0.23557692307692307 0.4375 0.07451923076923077 0.15865384615384615
1 0.11658653846153846 0.4014423076923077 0.07451923076923077 0.11057692307692307