1 0.33052884615384615 0.05889423076923077 0.057692307692307696 0.038461538461538464
1 0.3918269230769231 0.004807692307692308 0.06490384615384616 0.009615384615384616
1 0.4543269230769231 0.03485576923076923 0.04567307692307692 0.04807692307692308
1 0.5492788461538461 0.015625 0.09375 0.03125
1 0.7055288461538461 0.007211538461538462 0.052884615384615384 0.014423076923076924
1 0.7259615384615384 0.13581730769230768 0.07692307692307693 0.06490384615384616
1 0.5853365384615384 0.18870192307692307 0.13701923076923078 0.0985576923076923
1 0.5192307692307693 0.3762019230769231 0.21634615384615385 0.20673076923076922
1 0.37259615384615385 0.31490384615384615 0.052884615384615384 0.052884615384615384
1 0.703125 0.42788461538461536 0.07211538461538461 0.052884615384615384
1 0.7319711538461539 0.5096153846153846 0.06490384615384616 0.038461538461538464
1 0.6177884615384616 0.5348557692307693 0.0985576923076923 0.038461538461538464
1 0.6995192307692307 0.5697115384615384 0.052884615384615384 0.04807692307692308
1 0.640625 0.5913461538461539 0.052884615384615384 0.03365384615384615
1 0.6730769230769231 0.6358173076923077 0.052884615384615384 0.02403846153846154
1 0.5192307692307693 0.6430288461538461 0.1778846153846154 0.13942307692307693
1 0.5625 0.7644230769230769 0.15865384615384615 0.07451923076923077
1 0.5985576923076923 0.8834134615384616 0.11057692307692307 0.07451923076923077