0 0.40625 0.09014423076923077 0.1346153846153846 0.12740384615384615
0 0.24278846153846154 0.25600961538461536 0.09134615384615384 0.17548076923076922
0 0.4230769230769231 0.27884615384615385 0.23076923076923078 0.18990384615384615
0 0.2920673076923077 0.42908653846153844 0.0673076923076923 0.07451923076923077
0 0.39302884615384615 0.5649038461538461 0.125 0.15865384615384615
0 0.43990384615384615 0.421875 0.09615384615384616 0.08653846153846154
0 0.5540865384615384 0.5528846153846154 0.125 0.2644230769230769
0 0.3918269230769231 0.7439903846153846 0.057692307692307696 0.10096153846153846
0 0.578125 0.90625 0.06009615384615385 0.10096153846153846
0 0.8004807692307693 0.609375 0.07692307692307693 0.07692307692307693
0 0.7055288461538461 0.6959134615384616 0.052884615384615384 0.0625
0 0.7043269230769231 0.8413461538461539 0.08413461538461539 0.10576923076923077
0 0.8076923076923077 0.7608173076923077 0.038461538461538464 0.0673076923076923
0 0.8629807692307693 0.8737980769230769 0.09375 0.1201923076923077