1 0.7932692307692307 0.6069711538461539 0.04807692307692308 0.0673076923076923
1 0.7524038461538461 0.45913461538461536 0.15865384615384615 0.10817307692307693
1 0.8257211538461539 0.31850961538461536 0.04807692307692308 0.04567307692307692
1 0.6778846153846154 0.3233173076923077 0.057692307692307696 0.057692307692307696
1 0.5300480769230769 0.21634615384615385 0.06490384615384616 0.07211538461538461
1 0.7259615384615384 0.5600961538461539 0.057692307692307696 0.04326923076923077
1 0.6778846153846154 0.6478365384615384 0.15625 0.11538461538461539
1 0.5588942307692307 0.6911057692307693 0.08413461538461539 0.10817307692307693
1 0.5456730769230769 0.5697115384615384 0.09615384615384616 0.07692307692307693
1 0.5805288461538461 0.4735576923076923 0.08413461538461539 0.09615384615384616
1 0.4723557692307692 0.5072115384615384 0.08653846153846154 0.038461538461538464
1 0.5264423076923077 0.33533653846153844 0.09615384615384616 0.1346153846153846
1 0.3125 0.24278846153846154 0.0889423076923077 0.07932692307692307
1 0.4014423076923077 0.3245192307692308 0.07211538461538461 0.057692307692307696
1 0.44350961538461536 0.40865384615384615 0.04326923076923077 0.04567307692307692
1 0.16105769230769232 0.3137019230769231 0.05048076923076923 0.04326923076923077
1 0.015625 0.3389423076923077 0.028846153846153848 0.04807692307692308
1 0.15144230769230768 0.43509615384615385 0.055288461538461536 0.04807692307692308
1 0.06490384615384616 0.5096153846153846 0.04326923076923077 0.038461538461538464
1 0.39783653846153844 0.44591346153846156 0.040865384615384616 0.05048076923076923
1 0.3088942307692308 0.41346153846153844 0.10336538461538461 0.12980769230769232
1 0.4170673076923077 0.6201923076923077 0.14903846153846154 0.15865384615384615
1 0.35096153846153844 0.5096153846153846 0.0673076923076923 0.04326923076923077
1 0.27403846153846156 0.5973557692307693 0.0673076923076923 0.04326923076923077
1 0.38341346153846156 0.7572115384615384 0.08653846153846154 0.03365384615384615
1 0.3137019230769231 0.6911057692307693 0.04567307692307692 0.04567307692307692
1 0.19230769230769232 0.6634615384615384 0.057692307692307696 0.038461538461538464
1 0.22355769230769232 0.7451923076923077 0.08173076923076923 0.07211538461538461
1 0.038461538461538464 0.8028846153846154 0.07211538461538461 0.09134615384615384