1 0.90625 0.34975961538461536 0.038461538461538464 0.0673076923076923
1 0.8377403846153846 0.7175480769230769 0.019230769230769232 0.04807692307692308
1 0.8173076923076923 0.5745192307692307 0.04326923076923077 0.11778846153846154
1 0.7548076923076923 0.5661057692307693 0.04326923076923077 0.14423076923076922
1 0.6875 0.5805288461538461 0.03365384615384615 0.10096153846153846
1 0.6141826923076923 0.515625 0.052884615384615384 0.1346153846153846
1 0.6706730769230769 0.44471153846153844 0.04326923076923077 0.12980769230769232
1 0.828125 0.31850961538461536 0.10576923076923077 0.3485576923076923
1 0.6286057692307693 0.35336538461538464 0.03365384615384615 0.125
1 0.6478365384615384 0.24879807692307693 0.03365384615384615 0.07211538461538461
1 0.8016826923076923 0.07091346153846154 0.08653846153846154 0.1201923076923077
1 0.7367788461538461 0.09735576923076923 0.028846153846153848 0.07211538461538461
1 0.6802884615384616 0.12980769230769232 0.05048076923076923 0.13942307692307693
1 0.7427884615384616 0.20192307692307693 0.03365384615384615 0.1346153846153846
1 0.7019230769230769 0.28365384615384615 0.038461538461538464 0.08653846153846154
1 0.7427884615384616 0.36538461538461536 0.03125 0.03365384615384615
1 0.3641826923076923 0.4723557692307692 0.03125 0.11298076923076923
1 0.2920673076923077 0.5144230769230769 0.040865384615384616 0.09615384615384616
1 0.171875 0.5132211538461539 0.026442307692307692 0.11538461538461539
1 0.23798076923076922 0.6153846153846154 0.04567307692307692 0.125
1 0.3088942307692308 0.41225961538461536 0.019230769230769232 0.03365384615384615
1 0.2860576923076923 0.3557692307692308 0.026442307692307692 0.038461538461538464
1 0.2247596153846154 0.4182692307692308 0.04567307692307692 0.09375
1 0.17307692307692307 0.39783653846153844 0.03365384615384615 0.057692307692307696
1 0.24639423076923078 0.28125 0.13221153846153846 0.10096153846153846
1 0.2644230769230769 0.16466346153846154 0.0625 0.09375
1 0.22235576923076922 0.056490384615384616 0.08653846153846154 0.10096153846153846
1 0.20072115384615385 0.15985576923076922 0.04807692307692308 0.0625
1 0.15985576923076922 0.22115384615384615 0.028846153846153848 0.04326923076923077