0 0.07451923076923077 0.7463942307692307 0.11057692307692307 0.1201923076923077
0 0.13822115384615385 0.6550480769230769 0.03365384615384615 0.03365384615384615
0 0.04927884615384615 0.5913461538461539 0.03365384615384615 0.03365384615384615
0 0.11177884615384616 0.5961538461538461 0.07451923076923077 0.055288461538461536
0 0.07572115384615384 0.5024038461538461 0.09615384615384616 0.1201923076923077
0 0.15144230769230768 0.4879807692307692 0.04807692307692308 0.04567307692307692
0 0.09615384615384616 0.41466346153846156 0.03125 0.028846153846153848
0 0.01201923076923077 0.33774038461538464 0.021634615384615384 0.03365384615384615
0 0.07572115384615384 0.2956730769230769 0.0625 0.038461538461538464
0 0.07932692307692307 0.18509615384615385 0.10096153846153846 0.038461538461538464
0 0.12620192307692307 0.24278846153846154 0.04807692307692308 0.052884615384615384
0 0.021634615384615384 0.109375 0.036057692307692304 0.09134615384615384
0 0.1310096153846154 0.06610576923076923 0.12259615384615384 0.12980769230769232
0 0.13822115384615385 0.2956730769230769 0.038461538461538464 0.052884615384615384
0 0.11899038461538461 0.36658653846153844 0.057692307692307696 0.04807692307692308
0 0.20432692307692307 0.28725961538461536 0.07451923076923077 0.18990384615384615
0 0.3125 0.2956730769230769 0.1346153846153846 0.17307692307692307
0 0.9278846153846154 0.9362980769230769 0.03125 0.028846153846153848
0 0.984375 0.875 0.028846153846153848 0.04326923076923077
0 0.8449519230769231 0.9074519230769231 0.036057692307692304 0.026442307692307692
0 0.8076923076923077 0.8665865384615384 0.036057692307692304 0.028846153846153848
0 0.8978365384615384 0.8533653846153846 0.028846153846153848 0.028846153846153848
0 0.9158653846153846 0.8064903846153846 0.03365384615384615 0.03365384615384615
0 0.9098557692307693 0.7620192307692307 0.038461538461538464 0.028846153846153848
0 0.9783653846153846 0.5504807692307693 0.038461538461538464 0.06490384615384616
0 0.9182692307692307 0.36538461538461536 0.038461538461538464 0.0625
0 0.8677884615384616 0.22235576923076922 0.04807692307692308 0.06490384615384616
0 0.7992788461538461 0.8161057692307693 0.057692307692307696 0.04326923076923077
0 0.8365384615384616 0.7512019230769231 0.08653846153846154 0.040865384615384616
0 0.8052884615384616 0.6742788461538461 0.15384615384615385 0.07692307692307693
0 0.6646634615384616 0.6742788461538461 0.04807692307692308 0.038461538461538464
0 0.6971153846153846 0.5600961538461539 0.03365384615384615 0.03125
0 0.8377403846153846 0.6057692307692307 0.10576923076923077 0.04807692307692308
0 0.8161057692307693 0.5204326923076923 0.11057692307692307 0.0889423076923077
0 0.7127403846153846 0.45913461538461536 0.036057692307692304 0.04326923076923077
0 0.6286057692307693 0.4375 0.06490384615384616 0.057692307692307696
0 0.6382211538461539 0.3329326923076923 0.1658653846153846 0.11538461538461539
0 0.43509615384615385 0.33413461538461536 0.07692307692307693 0.14903846153846154
0 0.5108173076923077 0.33533653846153844 0.06971153846153846 0.0985576923076923
0 0.5204326923076923 0.23798076923076922 0.0625 0.038461538461538464
0 0.7692307692307693 0.27524038461538464 0.04807692307692308 0.036057692307692304
0 0.7127403846153846 0.22355769230769232 0.15865384615384615 0.057692307692307696
0 0.8401442307692307 0.12980769230769232 0.06009615384615385 0.08413461538461539
0 0.6790865384615384 0.10336538461538461 0.24519230769230768 0.17307692307692307
0 0.44591346153846156 0.109375 0.21634615384615385 0.17307692307692307
0 0.30408653846153844 0.171875 0.04807692307692308 0.057692307692307696
0 0.4675480769230769 0.609375 0.04326923076923077 0.040865384615384616
0 0.21033653846153846 0.5228365384615384 0.06009615384615385 0.27403846153846156
0 0.265625 0.7175480769230769 0.19230769230769232 0.10096153846153846
0 0.21394230769230768 0.8245192307692307 0.057692307692307696 0.07932692307692307
0 0.2692307692307692 0.8894230769230769 0.08653846153846154 0.052884615384615384
0 0.5276442307692307 0.9459134615384616 0.4254807692307692 0.10336538461538461
0 0.4795673076923077 0.7608173076923077 0.22115384615384615 0.10576923076923077
0 0.328125 0.6165865384615384 0.16826923076923078 0.0889423076923077
0 0.31971153846153844 0.47716346153846156 0.14903846153846154 0.18269230769230768
0 0.4230769230769231 0.22596153846153846 0.07211538461538461 0.052884615384615384
0 0.9855769230769231 0.6610576923076923 0.026442307692307692 0.04807692307692308
0 0.3161057692307692 0.7980769230769231 0.07692307692307693 0.05048076923076923
0 0.36658653846153844 0.8557692307692307 0.08653846153846154 0.06009615384615385
0 0.4579326923076923 0.8557692307692307 0.04807692307692308 0.07692307692307693
0 0.5877403846153846 0.8557692307692307 0.13942307692307693 0.07692307692307693
0 0.20793269230769232 0.16706730769230768 0.03365384615384615 0.02403846153846154