0 0.07451923076923077 0.2536057692307692 0.11057692307692307 0.1201923076923077
0 0.13822115384615385 0.3449519230769231 0.03365384615384615 0.03365384615384615
0 0.04927884615384615 0.40865384615384615 0.03365384615384615 0.03365384615384615
0 0.11177884615384616 0.40384615384615385 0.07451923076923077 0.055288461538461536
0 0.07572115384615384 0.49759615384615385 0.09615384615384616 0.1201923076923077
0 0.15144230769230768 0.5120192307692307 0.04807692307692308 0.04567307692307692
0 0.09615384615384616 0.5853365384615384 0.03125 0.028846153846153848
0 0.01201923076923077 0.6622596153846154 0.021634615384615384 0.03365384615384615
0 0.07572115384615384 0.7043269230769231 0.0625 0.038461538461538464
0 0.07932692307692307 0.8149038461538461 0.10096153846153846 0.038461538461538464
0 0.12620192307692307 0.7572115384615384 0.04807692307692308 0.052884615384615384
0 0.021634615384615384 0.890625 0.036057692307692304 0.09134615384615384
0 0.1310096153846154 0.9338942307692307 0.12259615384615384 0.12980769230769232
0 0.13822115384615385 0.7043269230769231 0.038461538461538464 0.052884615384615384
0 0.11899038461538461 0.6334134615384616 0.057692307692307696 0.04807692307692308
0 0.20432692307692307 0.7127403846153846 0.07451923076923077 0.18990384615384615
0 0.3125 0.7043269230769231 0.1346153846153846 0.17307692307692307
0 0.9278846153846154 0.06370192307692307 0.03125 0.028846153846153848
0 0.984375 0.125 0.028846153846153848 0.04326923076923077
0 0.8449519230769231 0.09254807692307693 0.036057692307692304 0.026442307692307692
0 0.8076923076923077 0.13341346153846154 0.036057692307692304 0.028846153846153848
0 0.8978365384615384 0.1466346153846154 0.028846153846153848 0.028846153846153848
0 0.9158653846153846 0.1935096153846154 0.03365384615384615 0.03365384615384615
0 0.9098557692307693 0.23798076923076922 0.038461538461538464 0.028846153846153848
0 0.9783653846153846 0.4495192307692308 0.038461538461538464 0.06490384615384616
0 0.9182692307692307 0.6346153846153846 0.038461538461538464 0.0625
0 0.8677884615384616 0.7776442307692307 0.04807692307692308 0.06490384615384616
0 0.7992788461538461 0.18389423076923078 0.057692307692307696 0.04326923076923077
0 0.8365384615384616 0.24879807692307693 0.08653846153846154 0.040865384615384616
0 0.8052884615384616 0.32572115384615385 0.15384615384615385 0.07692307692307693
0 0.6646634615384616 0.32572115384615385 0.04807692307692308 0.038461538461538464
0 0.6971153846153846 0.43990384615384615 0.03365384615384615 0.03125
0 0.8377403846153846 0.3942307692307692 0.10576923076923077 0.04807692307692308
0 0.8161057692307693 0.4795673076923077 0.11057692307692307 0.0889423076923077
0 0.7127403846153846 0.5408653846153846 0.036057692307692304 0.04326923076923077
0 0.6286057692307693 0.5625 0.06490384615384616 0.057692307692307696
0 0.6382211538461539 0.6670673076923077 0.1658653846153846 0.11538461538461539
0 0.43509615384615385 0.6658653846153846 0.07692307692307693 0.14903846153846154
0 0.5108173076923077 0.6646634615384616 0.06971153846153846 0.0985576923076923
0 0.5204326923076923 0.7620192307692307 0.0625 0.038461538461538464
0 0.7692307692307693 0.7247596153846154 0.04807692307692308 0.036057692307692304
0 0.7127403846153846 0.7764423076923077 0.15865384615384615 0.057692307692307696
0 0.8401442307692307 0.8701923076923077 0.06009615384615385 0.08413461538461539
0 0.6790865384615384 0.8966346153846154 0.24519230769230768 0.17307692307692307
0 0.44591346153846156 0.890625 0.21634615384615385 0.17307692307692307
0 0.30408653846153844 0.828125 0.04807692307692308 0.057692307692307696
0 0.4675480769230769 0.390625 0.04326923076923077 0.040865384615384616
0 0.21033653846153846 0.47716346153846156 0.06009615384615385 0.27403846153846156
0 0.265625 0.2824519230769231 0.19230769230769232 0.10096153846153846
0 0.21394230769230768 0.17548076923076922 0.057692307692307696 0.07932692307692307
0 0.2692307692307692 0.11057692307692307 0.08653846153846154 0.052884615384615384
0 0.5276442307692307 0.052884615384615384 0.4230769230769231 0.10576923076923077
0 0.4795673076923077 0.23918269230769232 0.22115384615384615 0.10576923076923077
0 0.328125 0.38341346153846156 0.16826923076923078 0.0889423076923077
0 0.31971153846153844 0.5228365384615384 0.14903846153846154 0.18269230769230768
0 0.4230769230769231 0.7740384615384616 0.07211538461538461 0.052884615384615384
0 0.9855769230769231 0.3389423076923077 0.026442307692307692 0.04807692307692308
0 0.3161057692307692 0.20192307692307693 0.07692307692307693 0.05048076923076923
0 0.36658653846153844 0.14423076923076922 0.08653846153846154 0.06009615384615385
0 0.4579326923076923 0.14423076923076922 0.04807692307692308 0.07692307692307693
0 0.5877403846153846 0.14423076923076922 0.13942307692307693 0.07692307692307693
0 0.20793269230769232 0.8329326923076923 0.03365384615384615 0.02403846153846154