0 0.5552884615384616 0.9146634615384616 0.04326923076923077 0.04326923076923077
0 0.4362980769230769 0.8822115384615384 0.10096153846153846 0.0673076923076923
0 0.5889423076923077 0.8425480769230769 0.06009615384615385 0.04326923076923077
0 0.6298076923076923 0.7764423076923077 0.07211538461538461 0.04807692307692308
0 0.8677884615384616 0.6466346153846154 0.040865384615384616 0.03365384615384615
0 0.4266826923076923 0.7463942307692307 0.08653846153846154 0.1201923076923077
0 0.39903846153846156 0.5733173076923077 0.057692307692307696 0.038461538461538464
0 0.45913461538461536 0.6201923076923077 0.06009615384615385 0.04567307692307692
0 0.5625 0.6658653846153846 0.0625 0.04326923076923077
0 0.6550480769230769 0.6334134615384616 0.04326923076923077 0.04326923076923077
0 0.17427884615384615 0.7271634615384616 0.09134615384615384 0.03365384615384615
0 0.12860576923076922 0.6466346153846154 0.055288461538461536 0.05048076923076923
0 0.203125 0.6069711538461539 0.08173076923076923 0.07692307692307693
0 0.578125 0.5012019230769231 0.038461538461538464 0.03365384615384615
0 0.4495192307692308 0.08774038461538461 0.055288461538461536 0.04326923076923077
0 0.39903846153846156 0.1622596153846154 0.04807692307692308 0.057692307692307696
0 0.15384615384615385 0.22355769230769232 0.07211538461538461 0.0625
0 0.6201923076923077 0.07572115384615384 0.13942307692307693 0.0625
0 0.6850961538461539 0.15144230769230768 0.05048076923076923 0.04567307692307692
0 0.9338942307692307 0.32572115384615385 0.07692307692307693 0.08173076923076923
0 0.5853365384615384 0.3329326923076923 0.2548076923076923 0.2644230769230769
0 0.5564903846153846 0.16346153846153846 0.04807692307692308 0.04326923076923077